TimesH,Frame,8,27,32,35,39,41,48,50,52,54,56,60,61,66,67,79,81,83,96,104,110,115,127,137,141,149,152,153,154,156,157,159,168,174,180,197,198,209,221,227,231,237,240,241,242,327,392,424
384.0,1536.0,609.957,609.155,608.737,609.461,610.031,610.053,609.982,610.721,610.184,608.503,609.9159999999999,609.232,611.1669999999999,609.359,610.675,608.893,610.469,609.173,612.49,609.101,609.977,609.879,609.559,608.9019999999999,610.192,608.948,612.1080000000001,615.722,611.085,613.229,610.511,610.32,613.53,610.561,614.1519999999999,610.6419999999999,611.184,610.26,608.89,612.847,610.812,611.735,609.852,609.181,612.7719999999999,,,
384.25,1537.0,609.326,609.418,608.5790000000001,608.475,610.222,610.8290000000001,609.809,610.143,610.008,609.528,609.081,608.84,611.6759999999999,608.589,610.817,608.6,609.922,609.092,611.747,609.442,610.236,608.569,609.571,608.5269999999999,609.0980000000001,608.476,611.3290000000001,616.021,610.773,613.972,610.656,609.3480000000001,613.009,610.67,614.545,610.686,610.961,610.2819999999999,609.018,611.904,611.24,611.763,609.436,609.694,612.83,,,
384.5,1538.0,609.424,609.274,608.3340000000001,608.991,610.165,610.2040000000001,609.91,610.54,610.61,609.498,609.606,609.906,610.68,608.861,610.2130000000001,608.508,610.319,609.073,611.999,608.294,610.33,608.582,609.508,607.731,610.439,608.8330000000001,611.57,616.076,610.817,613.76,610.137,610.275,612.936,608.9580000000001,614.219,611.188,610.28,610.678,608.41,612.678,610.7919999999999,611.811,609.742,609.16,613.1469999999999,,,
384.75,1539.0,609.0419999999999,609.697,608.556,609.32,610.214,609.861,609.887,609.4680000000001,611.102,609.401,609.297,608.322,611.105,608.429,610.887,608.7130000000001,609.399,609.4169999999999,611.547,608.339,609.87,608.164,609.744,608.146,610.452,608.739,611.159,617.576,611.547,613.564,610.202,609.9540000000001,613.122,609.1709999999999,614.17,610.9590000000001,609.52,610.026,609.205,613.149,609.9780000000001,612.191,609.121,608.919,613.27,,,
385.0,1540.0,609.396,609.217,607.7080000000001,609.2090000000001,610.172,610.077,609.683,610.222,610.386,608.72,609.961,609.621,610.53,609.391,610.946,608.2919999999999,609.471,609.644,612.319,609.783,610.0740000000001,609.496,609.67,609.1080000000001,609.942,609.0219999999999,611.828,617.336,611.79,614.005,610.145,610.679,613.7130000000001,610.669,614.6,611.086,610.2819999999999,611.4580000000001,609.0319999999999,612.5,610.779,613.0459999999999,610.388,609.472,613.597,,,
385.25,1541.0,609.69,609.62,609.518,609.4630000000001,609.8919999999999,610.686,609.4590000000001,610.979,610.6990000000001,609.39,610.129,608.726,611.134,608.967,611.139,608.538,610.4,609.401,612.438,609.5930000000001,609.945,608.3969999999999,609.6030000000001,609.2230000000001,609.535,608.4259999999999,613.048,617.987,612.383,614.134,610.432,610.504,614.273,610.605,615.1419999999999,611.7719999999999,610.971,610.637,608.876,612.952,611.433,612.2180000000001,610.446,608.952,614.7959999999999,,,
385.5,1542.0,609.5269999999999,609.129,608.146,609.656,610.509,612.352,609.702,609.7909999999999,610.578,608.997,609.573,609.247,610.681,609.211,610.289,608.651,609.8009999999999,609.794,612.435,609.141,609.9540000000001,609.694,609.795,608.871,610.607,608.69,613.689,617.505,612.835,614.9630000000001,611.3330000000001,610.966,614.0369999999999,610.414,614.661,611.99,610.961,612.731,609.624,612.8290000000001,610.817,613.896,610.935,609.539,614.9209999999999,,,
385.75,1543.0,608.994,610.019,608.828,610.871,610.769,612.09,610.02,611.188,610.675,609.8,609.57,609.375,611.991,609.665,610.687,608.814,609.95,609.186,612.844,610.15,610.836,609.281,609.499,608.981,609.7819999999999,608.812,614.29,619.03,614.453,614.616,611.156,611.904,614.247,611.448,614.7280000000001,612.755,610.825,612.808,609.849,612.987,611.6759999999999,613.673,611.4,610.797,614.92,,,
386.0,1544.0,609.254,609.965,608.586,609.636,610.891,611.194,609.863,610.548,609.993,610.4780000000001,609.195,609.384,610.95,609.405,611.21,608.533,610.06,609.387,612.377,609.352,610.196,609.0930000000001,610.253,609.248,610.461,609.072,614.944,618.9,614.131,615.077,612.509,612.828,615.304,611.5,616.185,613.323,611.981,612.693,610.3969999999999,612.96,611.967,614.613,611.749,610.029,615.054,,,
386.25,1545.0,609.238,610.5459999999999,608.278,610.237,610.668,612.5790000000001,611.165,611.114,610.586,609.976,609.1669999999999,608.953,611.755,609.239,610.779,608.179,610.064,609.745,612.099,609.153,609.665,609.8,611.009,608.636,611.275,608.885,615.722,619.586,614.896,616.151,612.21,612.901,615.262,612.2869999999999,615.466,613.178,612.201,613.966,609.528,612.46,611.484,614.658,612.259,609.5509999999999,615.809,,,
386.5,1546.0,610.018,609.411,608.045,610.703,610.77,612.211,610.664,610.5419999999999,610.895,609.472,609.185,609.075,611.817,609.082,611.508,608.932,609.216,609.234,612.695,608.739,610.6519999999999,610.0830000000001,610.586,608.993,610.852,608.812,617.145,619.0419999999999,614.465,616.8330000000001,613.206,612.939,615.335,611.491,615.625,613.691,611.566,614.55,610.474,613.163,611.327,615.472,613.1669999999999,609.419,614.896,,,
386.75,1547.0,608.883,610.68,608.613,609.715,610.909,612.345,611.922,609.6080000000001,611.266,609.7040000000001,609.163,609.1569999999999,611.707,609.544,610.09,608.261,610.4780000000001,609.489,612.944,609.756,610.106,610.059,610.039,609.064,610.448,609.521,617.07,619.582,615.196,615.195,612.432,612.786,614.77,611.868,615.864,613.5169999999999,612.33,615.067,609.775,612.6659999999999,611.508,615.909,612.872,610.768,616.175,,,
387.0,1548.0,610.23,610.646,607.9590000000001,610.465,611.318,613.089,611.756,610.323,611.344,611.686,610.388,609.6080000000001,611.998,609.715,610.342,608.549,610.749,609.314,613.359,609.879,610.736,610.211,609.859,609.238,610.977,608.943,617.721,619.273,613.972,614.9590000000001,612.8330000000001,613.655,615.076,611.335,615.753,613.781,612.193,614.545,610.111,612.048,611.849,615.281,612.586,610.011,616.4,,,
387.25,1549.0,609.4209999999999,610.531,608.86,610.1619999999999,610.411,612.9540000000001,611.4,610.0219999999999,611.641,609.609,609.244,609.023,612.1669999999999,610.2180000000001,610.865,609.076,610.352,609.0,613.061,609.3,610.121,609.888,610.453,609.596,611.155,608.252,617.2280000000001,618.743,615.087,615.16,612.8290000000001,612.425,614.4490000000001,611.8009999999999,615.67,614.025,612.052,614.335,611.393,611.805,611.74,615.577,612.712,610.371,615.191,,,
387.5,1550.0,610.205,611.0880000000001,608.053,610.216,610.435,613.311,612.005,610.424,611.427,609.9159999999999,609.793,609.408,612.335,609.971,610.946,609.717,610.636,609.7080000000001,612.359,609.214,609.9209999999999,610.591,610.224,609.323,610.283,608.6,616.683,618.467,614.448,614.605,611.846,613.472,613.8340000000001,610.6030000000001,615.637,613.538,611.467,613.901,610.7959999999999,611.563,611.999,615.651,612.619,611.034,616.456,,,
387.75,1551.0,609.363,610.2230000000001,608.442,610.242,610.681,613.73,612.41,610.3480000000001,612.052,611.79,609.776,609.651,612.389,609.734,610.321,608.644,610.8580000000001,609.675,613.31,609.362,610.3430000000001,609.732,610.565,608.83,611.314,608.554,616.346,618.645,615.09,614.515,612.491,613.904,613.879,610.785,616.043,614.286,611.11,614.038,610.37,612.054,611.827,615.117,612.61,609.747,615.378,,,
388.0,1552.0,609.361,611.035,609.175,610.531,610.375,613.479,611.828,610.445,611.246,610.2230000000001,609.856,608.891,612.086,610.1669999999999,609.7919999999999,608.612,610.427,608.989,613.207,608.98,610.082,610.46,611.2330000000001,608.703,611.141,608.7130000000001,616.2,617.706,614.332,614.621,611.855,612.913,614.389,610.518,614.831,613.073,611.068,613.725,610.55,611.128,612.122,614.597,612.216,610.373,614.645,,,
388.25,1553.0,609.404,610.687,609.465,610.293,611.155,613.619,611.566,610.789,611.075,609.71,610.314,609.401,611.536,609.944,609.638,610.011,610.967,609.58,612.316,608.785,611.352,610.087,610.581,608.877,610.681,607.675,615.967,618.047,613.989,613.868,610.799,612.27,613.302,611.048,615.033,612.15,610.545,613.975,610.18,611.388,611.49,614.186,612.222,610.1419999999999,614.835,,,
388.5,1554.0,608.942,610.9019999999999,609.268,609.4019999999999,610.802,613.252,611.68,610.127,610.61,609.427,609.992,609.2669999999999,611.257,608.878,610.687,609.832,611.235,609.026,613.06,609.16,610.5509999999999,610.029,610.806,609.256,611.1419999999999,608.5269999999999,615.424,616.841,613.36,614.5459999999999,611.119,612.68,613.008,611.082,614.386,612.315,610.991,613.169,609.494,610.813,610.619,614.186,612.062,610.19,614.4069999999999,,,
388.75,1555.0,609.536,611.335,609.273,610.442,609.977,613.849,612.286,610.317,610.9259999999999,609.604,609.984,608.9119999999999,612.08,609.21,608.942,610.0369999999999,610.937,609.511,611.988,608.214,610.566,609.898,610.217,607.886,611.113,608.488,615.201,616.518,614.036,613.7040000000001,610.753,612.9119999999999,613.55,609.928,614.186,613.185,610.971,612.665,610.555,610.7719999999999,611.219,614.159,611.2330000000001,609.452,613.878,,,
389.0,1556.0,609.054,610.0790000000001,610.067,610.0930000000001,610.512,614.205,611.8,609.702,611.315,609.42,610.288,609.057,610.95,609.075,609.234,610.385,610.365,609.434,612.872,608.995,610.944,609.649,610.077,608.5790000000001,610.9680000000001,608.493,615.36,616.133,613.442,612.6569999999999,610.624,612.097,612.813,610.243,613.747,612.554,611.3340000000001,613.082,610.256,610.803,611.274,613.903,611.748,609.252,613.9259999999999,,,
389.25,1557.0,608.74,610.293,609.336,610.307,610.883,613.337,612.151,609.404,611.67,609.694,610.1569999999999,609.423,611.229,609.7280000000001,610.029,609.643,610.378,609.379,612.687,608.9069999999999,609.396,609.7669999999999,610.861,609.207,610.265,608.214,615.056,616.0169999999999,613.113,612.955,611.133,612.227,613.018,609.947,614.227,612.321,610.33,612.729,609.847,610.0459999999999,610.9580000000001,614.153,612.319,609.507,615.399,,,
389.5,1558.0,609.564,610.182,609.905,610.307,609.778,613.823,611.475,610.191,611.262,609.92,609.612,609.064,611.731,608.8330000000001,609.381,610.674,610.2090000000001,610.434,613.242,608.592,610.164,609.328,610.605,608.2669999999999,610.4540000000001,608.577,615.115,615.918,612.5459999999999,612.195,610.896,612.3580000000001,612.212,610.06,614.021,611.611,610.677,612.785,609.9580000000001,610.696,611.575,613.793,611.263,609.753,614.4630000000001,610.2959999999999,,
389.75,1559.0,609.064,610.252,610.011,610.028,610.918,613.982,611.29,609.524,611.494,610.0319999999999,610.0369999999999,609.342,611.443,609.274,609.281,610.12,609.975,609.422,612.156,608.3969999999999,609.6990000000001,609.115,609.783,608.276,609.766,608.871,614.0930000000001,615.507,613.2230000000001,612.5169999999999,609.937,612.476,611.967,609.909,613.414,611.203,610.8340000000001,611.965,609.81,609.562,610.51,612.758,611.553,609.33,614.036,610.191,,
390.0,1560.0,609.32,610.2330000000001,609.395,609.341,610.012,614.0319999999999,612.347,610.141,610.701,609.715,610.861,608.994,611.023,608.446,608.9830000000001,610.828,610.964,609.548,611.659,608.807,609.38,608.2919999999999,609.8240000000001,608.8969999999999,610.279,608.205,614.487,614.221,613.299,612.327,610.197,611.744,611.519,609.7819999999999,613.362,611.941,609.8340000000001,612.308,609.393,609.774,610.543,612.81,610.427,608.805,613.312,610.155,,
390.25,1561.0,608.845,609.445,609.813,608.42,609.4580000000001,614.164,611.071,609.992,610.688,609.5419999999999,609.815,609.511,611.5980000000001,608.382,609.16,611.552,609.783,609.447,612.447,608.123,609.707,608.803,609.3430000000001,609.065,609.765,608.311,613.487,613.875,612.0509999999999,611.53,610.2090000000001,611.193,611.862,610.202,612.547,611.553,609.316,612.502,609.165,610.0369999999999,610.818,611.964,611.135,609.558,612.969,610.121,,
390.5,1562.0,608.989,609.693,609.396,609.034,609.697,612.216,610.934,609.499,610.673,609.678,609.803,608.9590000000001,610.556,609.183,608.749,610.9119999999999,609.981,609.76,610.909,608.264,609.628,608.56,609.203,608.72,609.375,608.388,612.664,612.985,611.679,611.831,610.181,611.225,611.2669999999999,610.573,611.961,611.631,609.8480000000001,611.543,609.373,610.1030000000001,610.106,612.622,610.658,609.246,612.7719999999999,609.966,,
390.75,1563.0,608.914,609.5319999999999,609.865,609.0,609.258,613.961,610.132,609.3,610.107,608.5790000000001,608.939,609.385,611.315,608.693,608.74,611.195,610.591,609.627,610.731,608.253,608.955,608.639,608.969,608.914,609.368,607.2959999999999,613.316,613.4590000000001,611.453,611.259,610.061,610.979,611.448,609.184,611.547,611.325,611.4580000000001,611.105,609.0930000000001,609.17,609.866,612.072,610.187,608.914,612.703,609.6619999999999,,
391.0,1564.0,608.9019999999999,609.317,609.462,609.562,609.653,613.7819999999999,610.536,608.821,609.8919999999999,608.592,610.0319999999999,608.409,611.1469999999999,608.81,609.085,610.496,610.268,609.149,610.758,608.1569999999999,609.74,608.649,609.543,607.316,609.694,608.229,613.2280000000001,613.34,611.506,611.309,609.2090000000001,611.507,611.262,609.477,611.09,611.148,609.411,611.396,608.919,609.3330000000001,610.528,611.543,610.476,609.1,612.691,609.927,,
391.25,1565.0,609.0319999999999,609.508,609.8330000000001,609.766,609.2040000000001,613.79,610.189,609.482,609.331,609.118,609.943,609.323,611.2769999999999,608.486,609.165,610.9830000000001,610.382,610.125,610.819,608.0840000000001,608.672,608.768,608.91,608.457,609.4580000000001,607.738,613.559,613.069,611.724,611.347,609.559,610.757,610.977,609.617,612.3,610.573,609.241,611.622,608.654,609.748,610.198,612.184,612.058,608.8430000000001,612.289,609.813,,
391.5,1566.0,609.265,609.187,608.871,608.819,609.057,613.849,609.758,608.788,609.893,609.581,609.999,608.89,611.207,608.087,608.977,611.011,609.866,610.101,611.306,607.41,608.808,607.979,609.395,608.253,608.837,607.741,612.741,612.189,611.357,610.997,609.669,611.1519999999999,610.915,610.659,610.219,610.384,609.2280000000001,610.905,608.932,609.948,610.317,612.299,610.519,608.9680000000001,611.512,609.446,,
391.75,1567.0,608.77,609.423,608.81,608.67,609.55,613.298,610.196,608.859,610.504,609.124,609.976,609.472,610.7909999999999,607.855,609.2,611.363,610.503,609.326,610.304,608.42,608.974,608.401,609.371,608.52,609.456,608.076,612.5319999999999,612.342,611.688,610.655,609.2869999999999,610.398,611.156,609.552,610.089,610.172,608.847,610.779,609.221,609.9169999999999,610.39,611.388,610.0369999999999,608.6519999999999,611.56,609.511,,
392.0,1568.0,609.0169999999999,609.078,609.705,609.438,609.1709999999999,612.945,609.901,609.172,609.269,609.026,609.7959999999999,609.1659999999999,610.967,607.923,609.1659999999999,611.524,610.614,609.4169999999999,610.474,607.509,608.775,609.155,608.631,607.932,609.799,608.143,612.3430000000001,612.001,610.696,610.071,610.297,610.702,610.3240000000001,609.2959999999999,610.436,609.891,609.013,610.184,608.487,609.4730000000001,610.969,611.21,610.68,608.805,610.212,609.779,,
392.25,1569.0,609.045,608.985,608.575,609.236,609.755,613.423,609.668,608.822,609.178,609.396,609.691,609.4730000000001,610.536,608.8290000000001,609.161,612.623,610.04,609.56,610.304,608.492,608.894,608.59,608.616,608.694,608.746,607.79,611.774,611.08,610.42,611.097,608.976,610.378,610.184,609.51,610.7669999999999,610.256,609.12,610.371,608.881,609.332,610.854,610.948,609.9169999999999,609.131,611.371,609.499,,
392.5,1570.0,609.023,609.5509999999999,609.623,609.408,608.8580000000001,612.403,609.692,608.903,608.985,609.661,609.648,609.442,610.62,608.313,609.264,611.425,610.4730000000001,609.717,610.571,608.274,608.7909999999999,608.365,608.101,608.589,608.601,607.798,611.404,611.409,611.09,610.624,609.391,610.067,610.306,609.247,609.881,609.836,609.222,611.0980000000001,608.144,609.4069999999999,610.0930000000001,611.247,610.158,609.342,610.944,609.143,,
392.75,1571.0,609.773,608.953,608.812,609.061,609.8,612.561,609.6709999999999,609.149,609.669,609.638,610.453,609.299,610.42,608.846,608.712,612.278,609.613,609.534,610.038,607.617,609.043,608.4119999999999,608.24,608.556,608.852,607.827,611.761,610.889,611.396,610.399,609.323,610.155,609.61,609.068,610.589,609.396,608.8580000000001,610.561,608.694,609.9209999999999,610.939,610.085,609.738,608.71,610.4730000000001,609.261,,
393.0,1572.0,609.01,608.771,608.606,609.519,609.73,611.611,609.7909999999999,608.749,609.2909999999999,609.2090000000001,609.979,609.31,610.486,608.67,608.881,611.965,610.594,608.814,609.752,607.7959999999999,608.5269999999999,607.991,608.388,608.882,609.322,607.98,611.506,611.84,611.484,610.413,609.04,609.941,609.55,609.201,610.83,609.455,608.957,610.008,608.275,609.738,611.5740000000001,610.394,609.447,608.969,610.457,609.03,,
393.25,1573.0,609.761,608.023,609.3340000000001,609.2919999999999,609.1030000000001,612.573,609.479,608.675,609.929,609.405,609.832,609.604,610.194,608.969,609.16,611.6,609.979,608.81,610.413,607.516,608.668,608.048,608.4540000000001,608.7919999999999,608.725,607.906,611.467,611.325,610.611,609.67,608.94,610.104,609.342,609.241,609.5930000000001,609.342,608.96,610.448,608.806,609.413,610.089,610.738,609.731,608.438,610.014,608.9830000000001,,
393.5,1574.0,609.47,608.625,609.128,608.302,610.16,612.0980000000001,610.379,609.119,610.438,609.929,609.564,609.067,610.047,608.881,608.429,612.469,609.815,609.9019999999999,609.236,608.047,608.599,608.163,608.526,607.6759999999999,608.403,607.082,611.177,610.697,610.438,610.377,608.582,609.325,608.864,608.232,609.935,608.455,608.731,610.123,608.2180000000001,609.311,610.512,609.749,608.879,608.4159999999999,610.187,608.601,,
393.75,1575.0,609.049,608.606,608.561,608.8,608.908,611.112,609.509,608.601,608.736,609.104,609.664,609.868,609.793,607.934,608.964,612.067,610.254,609.4119999999999,609.7180000000001,607.179,608.775,608.317,607.746,608.5419999999999,608.372,607.244,610.4540000000001,610.545,610.114,609.688,608.4209999999999,608.832,608.894,608.26,609.703,609.161,608.715,609.859,608.654,609.805,609.929,609.193,608.7959999999999,608.026,609.6030000000001,608.697,,
394.0,1576.0,610.316,607.92,609.697,608.384,609.006,612.173,608.995,608.394,609.248,608.706,609.831,609.55,610.111,608.484,608.746,612.035,610.336,609.8530000000001,608.685,607.943,608.112,608.766,608.015,608.2040000000001,608.597,607.692,610.861,611.016,609.828,609.062,608.955,609.377,609.033,608.38,610.028,609.646,608.646,609.232,608.174,609.437,611.0409999999999,610.25,609.087,608.486,609.6569999999999,608.573,,
394.25,1577.0,608.967,608.521,609.485,608.365,609.46,611.7090000000001,608.903,609.2090000000001,609.4590000000001,610.207,609.414,608.755,610.3480000000001,608.33,608.802,611.9580000000001,610.462,609.06,609.224,608.385,608.685,608.181,608.555,608.5980000000001,607.938,608.14,610.766,610.149,610.049,610.173,608.927,609.036,609.4159999999999,608.906,609.5419999999999,609.056,608.784,609.299,608.49,609.697,610.484,610.154,608.7180000000001,608.03,609.84,609.07,,
394.5,1578.0,608.98,608.285,608.909,608.06,608.8340000000001,611.556,608.627,608.998,609.346,609.4209999999999,610.196,609.1519999999999,609.457,608.1659999999999,608.685,612.089,610.6,608.679,608.577,608.17,608.371,608.053,608.742,608.864,608.122,607.901,610.562,609.9259999999999,610.104,609.7180000000001,608.325,609.427,609.135,608.818,608.9780000000001,609.172,609.08,609.227,608.248,609.815,610.868,610.481,608.91,608.059,610.025,608.837,,
394.75,1579.0,609.53,608.716,608.5930000000001,608.898,609.744,611.722,609.125,608.879,609.2869999999999,609.586,609.498,609.2090000000001,610.56,608.125,608.9119999999999,612.6659999999999,609.711,608.994,609.462,608.168,608.48,608.575,608.335,608.3330000000001,607.936,607.811,610.359,610.143,609.6990000000001,609.202,608.571,609.012,609.498,608.398,608.81,609.094,608.539,609.179,608.118,610.406,610.904,609.555,608.612,608.347,609.4730000000001,608.523,,
395.0,1580.0,608.8240000000001,608.453,608.636,608.763,609.39,611.904,609.53,608.006,609.148,609.904,610.011,609.099,610.0419999999999,608.764,609.544,612.688,609.63,609.452,609.062,608.696,608.9780000000001,608.558,608.601,608.1990000000001,608.372,607.415,610.9580000000001,609.866,609.706,609.238,608.816,608.932,608.442,608.961,609.627,608.964,608.932,609.4169999999999,607.758,610.12,610.262,609.776,608.946,608.279,609.376,608.826,608.808,
395.25,1581.0,609.325,607.765,608.444,608.396,609.451,610.752,609.056,608.813,609.393,609.658,609.525,609.22,610.4680000000001,608.003,608.9590000000001,612.075,609.224,609.1619999999999,608.786,608.249,608.331,608.76,608.808,608.12,608.448,607.3,610.487,608.424,609.875,609.937,608.595,609.69,608.957,608.957,608.159,608.0740000000001,609.2669999999999,609.052,607.4680000000001,610.793,610.509,609.74,608.49,608.528,609.681,608.788,608.177,
395.5,1582.0,609.2719999999999,608.695,608.4119999999999,608.711,609.692,611.07,608.802,607.803,609.799,609.278,609.884,608.755,610.0840000000001,608.024,608.619,612.356,610.14,608.89,609.111,609.054,608.2959999999999,607.786,608.915,608.491,608.72,607.746,610.1469999999999,609.4580000000001,609.385,608.4540000000001,607.918,608.3240000000001,608.911,608.391,609.485,608.021,609.443,609.015,607.844,609.805,609.908,608.95,609.077,607.828,608.499,608.729,608.653,
395.75,1583.0,608.701,608.403,608.075,608.3480000000001,609.485,610.621,608.369,608.503,608.7719999999999,609.639,610.076,609.135,609.919,607.619,608.5409999999999,612.268,609.4019999999999,608.511,608.262,608.422,607.867,608.378,608.11,608.1619999999999,608.058,607.987,610.064,608.9540000000001,609.123,610.064,608.367,609.773,609.11,608.3330000000001,609.013,608.4209999999999,609.131,608.998,607.757,609.686,610.79,609.736,607.734,608.19,608.866,608.5930000000001,608.677,
396.0,1584.0,608.207,607.678,608.499,608.437,609.4069999999999,610.882,608.703,609.17,608.211,609.2,609.766,609.749,609.592,608.344,608.69,611.889,609.4209999999999,608.758,609.1,607.842,608.352,607.673,608.499,608.008,607.8969999999999,607.736,609.433,609.601,609.327,609.311,608.638,608.399,608.368,608.798,609.139,608.0369999999999,608.895,609.543,607.938,609.618,610.131,609.899,608.061,608.187,609.47,608.316,,
396.25,1585.0,608.867,608.244,608.274,608.639,609.857,610.117,609.196,608.997,608.72,609.9580000000001,609.9169999999999,609.205,609.192,608.011,607.999,610.919,609.702,608.462,608.817,608.836,607.66,608.0790000000001,608.038,608.706,607.908,608.497,609.996,609.375,609.09,609.075,608.2090000000001,608.069,608.482,608.49,608.389,608.613,609.183,608.3290000000001,607.424,610.93,610.47,609.099,607.967,607.861,609.3290000000001,608.504,608.062,607.548
396.5,1586.0,609.639,608.595,607.856,607.702,609.6569999999999,610.721,608.794,608.38,608.859,609.132,609.562,609.328,609.246,608.933,608.977,611.4019999999999,609.975,608.64,608.489,608.819,608.0880000000001,607.924,608.359,608.2769999999999,608.316,608.411,609.307,608.922,609.506,609.308,608.411,608.118,608.131,608.0790000000001,608.811,608.107,608.964,608.385,607.727,609.982,610.2719999999999,608.97,608.935,607.067,609.269,608.686,609.034,607.544
396.75,1587.0,609.388,608.229,608.71,609.023,609.34,610.536,608.481,608.4630000000001,609.519,608.732,610.097,609.319,610.09,608.253,608.278,611.753,609.845,608.879,607.701,608.396,608.1759999999999,608.7080000000001,608.109,608.4540000000001,607.847,607.95,609.827,609.531,609.765,609.9069999999999,608.132,608.311,609.1759999999999,608.4169999999999,608.354,608.432,609.373,608.4,608.628,610.048,610.3,609.144,608.361,608.163,608.7669999999999,607.922,608.314,608.44
397.0,1588.0,609.193,607.13,608.587,608.061,609.2080000000001,609.609,607.736,608.09,609.75,609.437,609.322,609.85,609.6,608.122,608.201,611.749,609.799,608.857,608.7280000000001,608.304,607.946,608.494,608.466,608.395,608.423,607.545,608.925,608.691,608.705,608.635,608.5980000000001,608.875,608.822,607.377,609.689,608.126,609.269,608.101,607.189,610.497,610.023,608.596,608.681,608.121,608.455,608.746,608.5740000000001,607.956
397.25,1589.0,608.813,607.96,608.188,608.799,609.387,610.255,608.63,608.5980000000001,608.966,609.061,609.241,609.372,609.6469999999999,607.4780000000001,608.509,611.59,610.318,608.499,607.306,608.577,607.715,608.621,608.249,608.409,607.852,607.73,608.962,609.255,609.422,608.219,608.814,607.979,608.183,608.156,608.531,608.2819999999999,609.645,607.988,607.888,611.158,610.251,608.773,608.072,608.006,608.878,607.319,608.974,607.849
397.5,1590.0,608.832,608.055,608.045,608.114,609.5459999999999,610.323,608.289,608.813,608.649,609.759,609.683,609.256,610.203,608.014,609.085,611.242,609.646,608.276,607.638,608.83,607.882,608.465,608.26,608.7280000000001,607.823,607.775,609.071,608.558,608.581,608.83,608.476,608.543,608.395,607.9730000000001,609.366,608.4580000000001,608.727,608.197,607.966,611.197,609.984,608.515,608.064,607.7230000000001,607.871,607.979,608.514,607.861
397.75,1591.0,608.669,608.153,608.3969999999999,608.381,609.049,610.4169999999999,607.896,607.996,609.457,608.618,609.755,609.25,610.056,607.869,608.939,611.44,609.7819999999999,609.117,607.706,609.299,607.8430000000001,608.261,608.898,608.979,608.3290000000001,606.995,609.7130000000001,607.677,609.386,609.0840000000001,608.2,608.253,608.4119999999999,607.7040000000001,609.139,608.73,609.109,608.115,608.3969999999999,611.7080000000001,609.077,608.32,608.78,607.514,608.39,608.862,608.814,608.182
398.0,1592.0,609.1,607.8380000000001,608.133,608.736,609.133,609.805,608.745,608.887,608.888,608.688,610.076,609.399,609.249,607.817,608.309,611.1519999999999,609.034,609.06,607.803,609.056,607.797,607.882,609.049,609.0740000000001,608.381,607.996,608.624,608.898,609.067,608.691,608.561,607.951,608.3290000000001,608.28,609.141,608.665,609.236,607.841,607.09,611.052,609.0419999999999,608.721,608.059,607.76,608.797,608.405,607.87,607.563
398.25,1593.0,608.656,607.9780000000001,607.996,608.726,608.559,610.8580000000001,607.955,607.888,608.264,608.222,610.1569999999999,609.258,609.878,607.617,608.404,609.979,609.2819999999999,608.922,607.763,609.575,607.84,608.258,608.745,608.653,607.906,607.5830000000001,608.993,608.456,608.226,608.679,608.5509999999999,607.905,607.17,608.3530000000001,609.3480000000001,608.575,608.939,607.531,607.866,611.438,608.944,608.626,608.486,608.019,607.9630000000001,608.03,608.1,608.0830000000001
398.5,1594.0,608.592,607.931,608.317,608.351,608.8969999999999,609.751,607.632,607.815,608.509,608.565,609.679,608.965,610.004,607.941,607.689,610.617,609.6659999999999,608.12,607.523,608.867,607.476,608.7180000000001,608.456,608.82,608.036,607.778,608.028,607.846,608.785,608.4169999999999,607.83,608.701,607.682,608.099,608.119,608.091,608.434,607.981,606.876,611.116,608.9,609.232,607.992,607.244,608.5409999999999,607.5169999999999,607.991,607.442
398.75,1595.0,608.352,608.143,608.565,607.9680000000001,608.596,608.93,608.822,608.5459999999999,608.6519999999999,609.365,609.443,609.275,610.114,607.701,608.976,610.457,609.75,608.6619999999999,608.466,609.055,607.372,607.7669999999999,608.4540000000001,608.568,607.722,607.32,607.933,608.138,608.6709999999999,609.376,607.564,608.151,608.123,608.106,608.747,608.021,609.172,607.669,607.101,612.484,609.29,608.07,608.4119999999999,607.492,608.613,607.755,608.1030000000001,607.788
399.0,1596.0,608.549,607.462,608.092,609.073,609.617,610.092,608.294,608.078,609.0830000000001,608.284,609.547,608.697,610.707,607.184,608.203,609.768,609.591,608.423,608.128,608.883,607.742,608.599,609.159,608.047,607.262,607.989,608.283,608.469,608.455,609.054,608.173,607.932,607.752,607.71,609.254,608.081,609.618,607.59,607.653,611.297,609.462,609.498,608.106,607.934,608.788,608.385,609.165,607.359
399.25,1597.0,608.883,608.6669999999999,607.9,608.562,609.206,609.477,608.205,608.211,608.638,609.109,610.0419999999999,609.411,610.942,607.825,608.071,610.4,610.129,609.033,608.347,609.3430000000001,607.511,609.062,608.831,608.938,607.514,607.732,608.918,608.631,608.752,608.289,608.212,607.6619999999999,608.242,607.839,608.46,607.9169999999999,609.685,607.896,608.015,611.898,608.805,608.7819999999999,608.011,607.566,608.115,609.002,609.136,607.489
399.5,1598.0,608.6990000000001,607.928,607.539,608.271,609.021,609.03,607.888,607.9069999999999,608.645,609.153,609.976,609.398,610.592,608.1080000000001,608.557,610.457,609.678,608.453,608.321,609.374,607.879,609.0,608.512,608.211,607.664,607.25,608.102,608.955,608.526,608.616,608.1990000000001,608.0319999999999,608.242,607.765,608.55,608.029,608.266,608.2869999999999,607.394,611.447,609.435,608.661,607.953,607.572,608.466,608.674,609.266,607.363
399.75,1599.0,608.178,608.507,607.201,608.98,609.202,609.177,608.18,608.929,608.173,607.715,610.482,609.314,609.9169999999999,607.245,608.374,609.8580000000001,608.368,608.5509999999999,608.856,609.322,608.17,608.305,608.625,608.306,608.033,608.2769999999999,607.7180000000001,608.068,607.946,608.485,607.489,608.629,608.52,607.4490000000001,608.575,607.638,608.393,607.226,607.3380000000001,610.927,608.55,608.422,607.895,608.259,607.906,609.045,608.005,607.424
400.0,1600.0,608.798,608.455,607.467,608.026,608.526,609.082,608.914,608.6080000000001,607.974,608.914,609.851,608.891,610.385,607.835,607.655,610.133,609.85,608.674,607.839,609.191,607.802,608.3919999999999,609.006,608.071,607.591,607.28,608.731,609.105,608.818,608.971,608.002,607.7040000000001,608.816,607.3430000000001,609.309,607.556,608.262,608.003,607.4019999999999,610.7869999999999,609.102,608.316,607.275,607.469,607.894,608.297,608.3919999999999,607.857
400.25,1601.0,608.251,607.962,607.516,607.67,608.844,609.24,608.366,608.8480000000001,608.373,608.754,609.492,609.15,610.1569999999999,608.148,609.319,609.982,609.548,608.633,608.18,609.549,607.587,607.457,608.78,608.556,608.274,607.635,608.382,608.437,608.276,608.535,607.9259999999999,607.913,608.9780000000001,608.443,608.391,607.3580000000001,608.6619999999999,608.695,608.355,610.82,609.439,608.3240000000001,607.1569999999999,608.64,608.45,608.332,608.6709999999999,607.158
400.5,1602.0,608.403,608.365,607.529,607.627,608.819,609.242,608.482,608.6569999999999,608.4490000000001,609.133,610.54,609.369,610.73,607.518,608.73,609.119,609.545,608.867,608.371,609.127,608.776,608.59,609.03,608.79,608.39,607.438,608.556,608.961,608.4019999999999,608.349,607.827,606.825,608.72,607.9209999999999,608.325,608.386,608.476,607.831,608.05,611.049,608.591,608.146,607.627,607.0219999999999,608.327,608.106,608.769,607.7919999999999
400.75,1603.0,608.115,607.933,607.839,608.0369999999999,609.575,609.131,608.357,607.925,608.307,608.758,610.253,609.2130000000001,611.373,607.547,608.443,608.9680000000001,608.929,609.044,608.227,608.891,608.135,608.476,608.327,608.577,608.231,606.847,608.087,608.544,608.482,608.597,607.4169999999999,608.05,607.626,607.6469999999999,608.063,607.668,608.261,607.6619999999999,607.8919999999999,610.183,609.016,609.2819999999999,607.862,607.509,608.841,608.3340000000001,608.655,608.408
401.0,1604.0,608.496,608.094,608.27,608.539,608.97,608.58,608.373,608.406,607.9119999999999,608.242,610.77,609.165,613.448,607.825,608.684,608.8330000000001,609.768,608.387,608.263,608.941,607.815,608.375,608.821,608.281,607.399,607.655,608.5930000000001,608.117,608.369,608.396,608.505,606.937,608.049,608.509,608.615,608.139,608.222,608.018,607.474,611.077,608.552,608.207,608.249,607.342,608.309,608.019,608.486,608.435
401.25,1605.0,608.893,608.411,608.384,608.462,608.911,609.077,609.125,609.144,608.7819999999999,608.375,610.069,609.105,610.623,608.631,608.503,609.531,609.675,608.739,607.469,609.0219999999999,608.453,607.751,608.38,608.321,608.0219999999999,607.753,607.643,608.721,608.864,608.516,607.71,608.384,608.476,607.677,608.342,,608.645,607.23,607.601,610.696,608.9630000000001,608.112,607.7080000000001,607.932,608.328,608.1469999999999,608.356,607.901
401.5,1606.0,608.672,608.326,607.578,608.368,609.102,609.5459999999999,608.634,608.465,607.679,608.48,609.5790000000001,609.544,611.496,608.375,609.405,608.956,609.5509999999999,608.738,608.249,609.825,608.925,608.184,608.01,607.96,607.368,608.215,608.055,607.636,608.316,608.165,608.372,608.2769999999999,608.587,607.675,608.151,,608.854,607.807,607.3530000000001,610.2959999999999,608.736,608.318,608.1419999999999,607.467,607.971,607.84,609.37,607.6990000000001
401.75,1607.0,609.634,608.29,608.409,607.405,609.563,609.214,608.683,608.61,608.461,608.302,609.859,609.128,610.202,608.43,609.354,609.511,609.691,608.398,607.631,608.7869999999999,608.367,607.995,608.339,608.132,607.388,607.295,607.939,608.962,608.78,608.572,607.359,607.644,608.682,608.168,607.511,,608.7040000000001,607.5880000000001,607.029,610.8009999999999,608.619,608.629,607.446,608.279,608.178,608.146,608.775,607.39
402.0,1608.0,608.945,608.5369999999999,608.325,608.126,609.5880000000001,609.325,609.472,608.766,608.614,608.69,609.701,609.429,610.803,608.306,608.5980000000001,609.793,610.1759999999999,608.001,608.045,609.4580000000001,608.354,608.653,608.765,607.8240000000001,607.475,607.241,608.153,607.768,608.002,608.638,607.492,608.148,608.911,608.183,608.813,,608.68,607.665,606.965,609.609,609.151,609.172,607.729,608.134,608.28,608.241,609.113,607.504
402.25,1609.0,608.368,609.203,608.012,608.339,608.955,608.342,609.068,609.201,608.788,608.139,609.216,609.134,611.0169999999999,609.887,608.795,608.76,609.632,608.312,607.68,609.761,609.031,608.039,608.9209999999999,608.1569999999999,608.245,607.085,608.139,608.0980000000001,608.703,609.379,609.221,608.3480000000001,608.724,607.451,608.41,,608.82,607.6,607.4780000000001,610.016,608.862,608.8580000000001,608.495,607.27,608.048,608.107,608.677,607.547
402.5,1610.0,608.808,609.031,608.169,607.846,609.742,608.173,608.939,608.738,608.471,608.575,608.83,608.867,611.161,609.413,609.771,609.1569999999999,610.2330000000001,608.173,608.406,608.92,608.443,608.135,608.674,608.254,608.038,607.648,607.51,608.5880000000001,608.797,608.819,608.592,608.2,608.927,608.009,608.035,,608.307,607.823,607.452,610.1469999999999,608.124,609.096,608.0880000000001,608.013,607.735,608.7040000000001,608.81,607.785
402.75,1611.0,609.222,608.597,608.425,608.45,609.915,608.9259999999999,609.316,608.028,608.445,608.442,609.413,608.89,611.4119999999999,610.284,608.626,608.7869999999999,609.727,608.929,607.869,608.8240000000001,609.364,607.721,608.174,609.004,608.178,607.341,608.493,607.739,608.469,609.376,607.826,608.003,608.774,607.78,608.132,,608.059,607.347,609.622,609.075,608.207,608.872,607.867,608.112,607.604,608.092,608.68,607.967
403.0,1612.0,608.7959999999999,608.9159999999999,608.773,607.8380000000001,609.544,609.278,608.8290000000001,607.868,608.1569999999999,608.7,609.123,609.43,610.645,609.063,609.276,608.737,609.962,608.707,608.33,608.9209999999999,608.635,607.606,607.614,608.509,608.3330000000001,607.7869999999999,608.5740000000001,608.623,607.788,608.57,608.172,607.306,608.3530000000001,607.669,607.986,,608.175,607.7919999999999,606.961,609.781,608.814,609.615,606.823,607.453,608.06,608.452,609.373,607.839
403.25,1613.0,608.807,608.243,608.701,608.389,608.9830000000001,608.727,608.999,608.18,607.691,608.471,609.429,609.2230000000001,611.27,609.941,609.929,608.703,609.734,609.134,608.073,609.001,608.257,608.254,608.701,608.715,606.948,606.932,608.558,608.971,608.559,608.638,607.722,608.326,609.168,607.258,608.835,,608.362,607.339,607.0790000000001,609.054,608.577,609.163,607.793,607.49,607.5,608.5269999999999,609.086,607.35
403.5,1614.0,608.456,608.7280000000001,608.922,608.677,609.066,607.8,608.937,609.131,608.597,608.75,609.222,609.146,611.424,609.521,609.781,608.224,610.429,608.498,607.946,608.59,608.594,607.956,608.028,608.966,607.992,607.531,608.649,608.6669999999999,608.2959999999999,608.86,607.886,606.99,608.514,607.475,608.351,,608.9780000000001,607.878,607.469,609.606,607.646,609.893,607.93,607.496,607.547,607.819,608.249,607.932
403.75,1615.0,609.365,608.957,608.683,607.77,609.0269999999999,608.879,608.241,609.634,608.222,609.2090000000001,609.502,608.857,611.2280000000001,609.4019999999999,609.17,608.442,608.839,608.531,607.403,608.346,609.78,607.771,608.681,608.341,608.774,607.669,608.192,608.7719999999999,608.286,609.019,607.809,607.825,608.717,607.585,608.2819999999999,607.558,608.567,608.018,607.561,608.935,608.19,609.39,607.391,608.972,607.5,608.111,609.45,608.023
404.0,1616.0,608.621,608.6419999999999,609.245,608.698,609.067,609.024,608.706,608.472,608.226,608.891,608.828,609.193,611.823,608.7819999999999,609.757,608.399,609.235,608.91,608.617,608.507,608.5980000000001,607.95,608.294,608.34,608.422,606.98,608.525,609.214,608.6659999999999,609.3380000000001,607.9590000000001,608.2230000000001,609.082,607.71,608.0409999999999,607.255,608.4680000000001,607.755,607.47,609.639,608.4580000000001,609.577,608.006,607.297,608.11,608.808,608.399,607.164
404.25,1617.0,608.712,609.127,609.773,608.26,608.845,608.321,608.748,608.643,608.26,608.004,609.191,609.4580000000001,610.964,609.698,610.0319999999999,608.061,610.05,608.453,608.255,608.321,608.655,608.194,608.43,608.441,608.242,607.585,608.085,608.389,608.2769999999999,609.0269999999999,608.251,607.993,608.439,607.786,608.757,607.977,608.071,607.184,607.336,608.534,608.524,609.841,607.626,606.91,608.444,608.477,609.003,607.405
404.5,1618.0,607.8580000000001,608.716,609.651,608.895,608.9540000000001,608.414,608.9580000000001,608.97,608.332,608.231,609.192,609.452,610.444,608.889,610.691,608.335,610.207,609.269,607.888,608.93,609.2919999999999,607.781,608.14,608.312,609.5,607.5409999999999,609.052,608.339,609.112,609.024,608.391,608.382,608.749,607.819,609.135,607.502,608.0,608.2130000000001,607.913,608.219,608.121,608.931,607.4590000000001,607.486,607.097,608.914,608.839,608.03
404.75,1619.0,608.984,608.99,609.2869999999999,608.534,609.73,608.8530000000001,607.811,608.731,608.441,609.4209999999999,609.26,609.423,611.054,608.984,609.696,608.427,610.128,608.784,608.555,608.186,608.859,607.807,608.2230000000001,608.169,608.475,607.905,608.0740000000001,607.941,608.8919999999999,608.538,608.55,607.998,609.029,607.996,609.099,607.636,608.631,608.122,607.5880000000001,608.81,608.856,609.7080000000001,607.992,607.303,607.927,608.04,608.661,607.623
405.0,1620.0,608.3530000000001,608.947,609.654,607.94,609.52,609.065,608.372,608.2919999999999,608.5219999999999,609.109,609.179,608.559,610.753,609.476,610.1469999999999,608.547,609.874,608.9019999999999,608.849,608.206,608.7040000000001,607.6990000000001,608.737,608.374,608.6080000000001,607.249,608.455,608.5740000000001,608.286,608.866,608.09,608.0740000000001,608.466,607.899,608.953,607.71,608.326,607.802,607.156,609.5319999999999,609.045,609.757,608.363,607.477,607.464,608.1,609.355,607.54
405.25,1621.0,608.654,608.91,610.4490000000001,607.8919999999999,608.937,608.371,608.689,608.696,608.173,609.241,609.055,609.66,610.391,610.0,609.863,608.545,609.731,608.2909999999999,608.802,608.2230000000001,609.262,608.0219999999999,607.966,608.2280000000001,609.008,607.879,608.706,608.7769999999999,608.507,608.632,607.827,607.821,608.248,608.693,609.43,607.756,608.646,607.644,607.423,609.0169999999999,608.437,609.011,607.597,607.734,607.991,608.641,608.7180000000001,607.5790000000001
405.5,1622.0,608.0409999999999,608.491,610.4580000000001,608.7669999999999,609.0740000000001,608.165,609.1669999999999,608.769,608.02,608.555,608.5930000000001,609.653,610.636,609.378,610.621,608.4630000000001,609.736,608.447,608.399,607.826,609.076,608.113,608.738,607.976,608.479,607.207,608.4259999999999,607.719,608.22,608.855,607.44,608.089,608.442,607.599,608.839,607.773,608.479,607.443,607.161,608.511,608.0219999999999,609.495,607.643,608.237,607.0459999999999,608.605,608.724,608.034
405.75,1623.0,608.756,608.755,610.073,607.972,608.797,609.325,608.69,608.952,608.021,608.185,609.0740000000001,608.712,610.803,609.596,609.794,608.195,610.3969999999999,608.308,609.244,607.852,608.682,607.625,609.521,607.9119999999999,608.508,607.487,608.377,608.53,609.0509999999999,608.904,608.184,608.585,608.823,608.3330000000001,608.289,608.2280000000001,608.428,607.665,606.935,608.76,608.679,609.83,607.764,607.359,608.149,608.156,608.653,608.427
406.0,1624.0,608.1030000000001,609.0509999999999,609.42,608.245,609.403,609.033,608.673,608.934,608.582,608.61,608.931,609.577,610.15,609.015,610.306,607.918,609.523,608.806,609.854,608.034,608.773,607.732,609.185,608.362,608.7919999999999,607.53,608.055,607.903,608.994,608.946,608.322,608.065,608.107,608.789,608.548,607.8290000000001,608.491,608.194,607.366,608.5459999999999,607.761,610.207,607.451,607.232,607.225,608.174,608.349,607.73
406.25,1625.0,608.4159999999999,608.321,609.756,608.117,609.12,608.9780000000001,608.984,609.173,608.681,608.8919999999999,608.999,609.134,611.175,609.264,610.396,608.506,609.961,608.706,609.186,608.133,608.804,607.568,608.6669999999999,607.932,609.245,607.443,608.568,608.77,608.569,608.193,607.644,608.1990000000001,608.535,608.2040000000001,608.614,607.648,608.299,608.226,607.08,608.929,608.42,609.0369999999999,608.215,607.3580000000001,608.014,608.889,608.672,607.23
406.5,1626.0,608.443,609.038,610.284,608.261,608.932,608.845,608.117,608.87,608.877,609.145,609.064,608.985,610.94,609.439,609.6619999999999,608.264,609.88,608.702,609.98,608.42,608.589,608.034,608.288,608.124,608.424,607.504,608.77,608.813,609.062,609.135,607.725,608.564,609.238,607.956,608.489,607.818,608.205,608.007,607.867,608.5409999999999,609.331,609.688,607.185,607.529,607.453,608.3580000000001,608.511,608.548
406.75,1627.0,607.974,608.341,610.2230000000001,607.97,608.639,609.015,609.137,608.563,608.39,608.995,608.278,609.189,609.836,609.097,609.896,608.669,609.953,607.918,609.304,607.746,608.581,607.719,608.771,608.104,608.6080000000001,607.253,608.507,608.462,609.184,608.25,607.53,608.054,608.388,608.665,608.2819999999999,608.325,609.16,608.1759999999999,608.419,608.793,608.1759999999999,609.066,607.5369999999999,607.682,607.808,607.939,608.775,607.414
407.0,1628.0,608.271,608.414,610.067,607.988,608.914,609.5219999999999,608.763,609.194,609.359,608.702,609.19,609.071,609.457,609.776,610.743,607.714,610.1080000000001,608.432,609.484,607.931,608.434,607.581,608.691,607.766,608.173,607.705,608.7819999999999,609.06,608.404,609.245,608.5169999999999,608.345,608.854,607.594,609.27,607.888,608.067,608.854,606.818,608.26,608.7,609.56,607.701,608.4590000000001,608.107,607.842,609.004,606.856
407.25,1629.0,608.552,608.967,609.373,608.487,608.878,608.931,608.504,608.297,608.236,608.66,608.799,609.367,610.089,608.789,610.424,608.425,609.217,608.884,609.181,608.594,607.922,607.75,607.99,607.901,608.159,608.149,608.183,608.141,608.562,608.51,608.08,608.67,608.797,608.19,608.6659999999999,607.825,609.123,608.183,606.502,608.442,608.345,609.852,608.114,608.275,607.304,608.244,608.802,608.5
407.5,1630.0,609.145,608.587,608.253,607.808,608.661,609.469,608.4,608.442,608.03,608.313,608.21,609.202,609.538,608.681,609.653,608.241,609.996,607.469,609.937,607.2669999999999,609.052,608.436,608.738,608.212,607.668,607.5930000000001,608.762,608.769,609.304,607.942,607.71,608.665,607.989,607.809,608.687,608.274,608.153,607.361,607.207,608.206,609.138,609.536,608.182,608.543,607.339,608.582,607.951,608.156
407.75,1631.0,608.6659999999999,608.64,608.544,608.188,609.269,608.604,608.5319999999999,609.154,608.646,608.258,609.016,608.847,609.632,609.091,611.448,608.16,610.317,608.012,609.876,608.557,607.986,608.0369999999999,608.754,608.654,608.238,608.09,608.298,608.4169999999999,608.3380000000001,608.922,608.055,608.2280000000001,608.211,608.094,608.6080000000001,607.807,608.613,608.1990000000001,607.076,608.42,608.2090000000001,608.919,608.078,607.544,607.177,608.253,608.554,608.4
408.0,1632.0,608.46,607.684,609.307,607.808,608.2330000000001,609.623,608.639,608.685,608.788,608.2909999999999,608.811,609.457,609.778,608.274,609.59,608.415,608.976,608.293,609.562,608.116,608.759,607.366,608.389,607.8380000000001,608.254,607.73,609.01,609.937,608.424,608.935,608.6759999999999,608.414,608.258,608.759,609.181,607.637,608.0790000000001,607.23,607.496,608.03,608.241,609.65,607.89,607.818,607.987,608.569,608.826,607.94
408.25,1633.0,608.618,608.901,609.104,608.015,608.524,609.567,608.294,608.626,608.359,608.624,608.861,609.0369999999999,610.0930000000001,608.497,609.736,607.988,609.258,608.0219999999999,609.8919999999999,608.116,607.807,607.681,608.499,606.794,608.36,608.802,608.999,608.65,610.393,608.462,608.08,608.6080000000001,608.6419999999999,607.544,609.0219999999999,608.2090000000001,608.425,607.5740000000001,607.356,608.03,609.134,608.857,607.769,608.645,607.4259999999999,608.521,609.4,607.587
408.5,1634.0,608.227,607.913,608.8240000000001,607.656,609.066,609.594,608.411,608.898,607.815,608.124,608.409,609.109,609.3580000000001,608.997,610.0840000000001,608.092,609.271,608.36,609.799,608.303,607.735,607.7919999999999,608.753,607.885,607.5319999999999,608.278,609.073,609.168,609.5880000000001,608.319,608.37,608.476,608.413,608.158,609.0830000000001,608.398,608.4780000000001,608.641,607.844,607.558,609.061,609.7230000000001,608.4169999999999,608.27,607.47,608.13,608.625,607.595
408.75,1635.0,608.105,608.351,609.054,608.192,608.519,609.557,608.054,608.755,608.509,607.337,608.6669999999999,608.494,609.148,608.385,609.774,607.631,609.363,608.095,609.684,607.798,608.856,607.655,609.121,608.151,608.139,607.16,608.871,609.313,609.448,608.043,608.025,608.6030000000001,608.379,607.884,609.262,607.558,608.4069999999999,607.888,607.877,608.535,608.876,609.863,607.872,607.865,607.5980000000001,608.797,608.953,608.127
409.0,1636.0,608.4490000000001,607.635,608.594,607.936,608.506,608.891,607.901,609.281,608.565,607.915,608.565,,610.227,608.994,610.221,608.937,609.2909999999999,607.901,609.768,607.825,608.797,607.182,609.023,608.2080000000001,608.364,607.865,608.868,608.716,609.186,608.998,608.2919999999999,608.399,609.253,608.105,609.474,608.328,608.665,607.521,607.254,608.123,608.737,609.928,608.557,607.555,607.303,609.016,608.09,607.798
409.25,1637.0,608.553,608.045,609.597,607.566,608.457,609.373,607.997,608.2909999999999,608.302,607.695,609.023,,610.178,607.644,609.759,607.932,609.679,607.344,609.672,608.786,609.0740000000001,607.614,608.487,608.12,608.293,607.492,609.371,608.224,610.0740000000001,608.5369999999999,607.734,609.0,608.89,607.702,609.065,608.211,608.143,608.756,608.01,607.887,608.499,609.253,608.332,608.192,607.789,608.856,608.474,607.928
409.5,1638.0,608.043,608.315,609.129,607.474,609.001,609.5459999999999,608.172,607.4259999999999,609.1619999999999,608.4590000000001,608.318,,609.396,608.112,609.814,608.559,611.119,608.388,609.591,607.903,608.271,607.877,608.548,607.35,608.284,607.512,609.8580000000001,608.614,610.305,608.896,608.64,608.63,609.634,608.124,609.535,608.501,608.6080000000001,607.984,606.895,607.871,608.939,609.388,608.094,608.028,607.896,608.396,608.7719999999999,608.038
409.75,1639.0,608.119,607.778,608.471,607.775,608.431,609.672,607.9630000000001,608.173,608.187,608.5319999999999,608.511,,609.268,608.726,608.891,607.914,609.319,607.971,609.923,608.008,609.161,607.44,608.364,607.6659999999999,607.901,607.441,609.1990000000001,608.626,610.131,608.995,608.029,608.504,609.953,607.619,609.254,608.107,608.753,608.365,607.4830000000001,608.155,608.748,609.149,607.935,608.395,607.443,608.669,608.977,608.08
410.0,1640.0,607.62,609.018,607.9730000000001,607.89,608.3969999999999,609.948,609.026,607.879,608.673,608.487,609.043,,609.28,608.448,609.743,608.582,609.005,607.53,609.56,608.148,608.935,608.197,608.2959999999999,608.04,608.144,606.83,609.607,608.298,610.701,608.639,608.512,608.773,610.509,607.669,608.993,607.448,608.222,607.836,607.183,608.325,608.82,608.876,608.035,607.809,607.547,608.9590000000001,608.056,607.492
410.25,1641.0,607.9119999999999,607.738,608.906,607.2719999999999,608.719,609.987,608.563,608.467,608.0369999999999,608.408,608.1759999999999,608.616,609.678,608.231,609.393,607.748,609.368,608.015,609.273,607.944,608.771,607.49,608.553,607.835,607.717,608.371,609.914,609.548,610.8330000000001,608.1030000000001,608.257,608.627,609.389,607.925,608.998,608.308,608.461,608.317,607.839,607.591,607.69,609.624,607.795,608.105,608.401,609.822,608.651,608.129
410.5,1642.0,608.4780000000001,607.79,608.79,607.936,608.762,609.529,608.844,608.756,607.9490000000001,608.764,608.275,609.75,609.679,608.222,609.771,608.5880000000001,608.866,608.884,610.738,607.746,608.8919999999999,607.002,607.769,607.456,608.259,607.68,609.8530000000001,609.066,611.479,608.722,608.0169999999999,609.178,610.374,607.798,609.224,608.548,608.299,609.212,607.263,608.1569999999999,608.59,609.419,607.4590000000001,609.564,607.879,609.044,609.121,607.089
410.75,1643.0,608.428,607.64,609.3240000000001,607.4830000000001,608.4540000000001,609.844,608.224,608.799,608.438,608.089,608.365,607.484,609.748,608.898,609.982,607.9540000000001,609.707,607.999,610.224,607.419,609.018,608.191,608.832,607.861,607.433,607.049,609.369,609.1569999999999,611.477,608.472,608.465,609.173,609.837,608.4259999999999,609.446,607.736,607.6619999999999,607.9580000000001,608.066,608.101,608.89,608.554,608.049,607.944,607.516,609.156,609.271,608.367
411.0,1644.0,607.92,607.514,608.627,608.33,609.114,609.913,608.2090000000001,608.849,608.009,608.469,609.254,608.45,609.655,609.07,609.686,607.8480000000001,608.939,607.94,609.674,608.344,609.002,607.627,608.493,607.648,608.2819999999999,607.113,609.706,609.505,611.0459999999999,608.6659999999999,607.8380000000001,608.636,609.7919999999999,607.928,609.165,608.155,608.399,608.572,607.72,608.1569999999999,609.3919999999999,609.4,607.7959999999999,608.3480000000001,607.759,608.622,608.817,608.086
411.25,1645.0,608.2869999999999,607.9169999999999,608.034,607.3240000000001,609.122,610.125,607.953,609.095,608.665,609.0,608.707,608.755,609.57,608.722,609.685,607.947,609.448,607.805,609.9730000000001,607.738,608.639,608.258,608.0740000000001,607.621,607.98,607.34,610.5459999999999,609.389,611.23,608.125,607.809,609.457,610.413,608.383,609.062,608.618,608.328,608.388,607.149,608.163,609.63,609.0269999999999,607.648,608.266,608.033,609.072,609.018,607.889
411.5,1646.0,607.807,607.798,608.0509999999999,607.985,608.55,609.982,608.559,608.602,608.636,607.689,608.731,608.581,609.878,608.423,609.371,607.447,609.451,608.044,610.3380000000001,607.611,609.372,607.193,608.5880000000001,607.995,607.906,607.7230000000001,610.938,609.452,611.4169999999999,608.5419999999999,607.6419999999999,609.26,610.2230000000001,607.922,609.008,608.31,609.056,609.2919999999999,608.123,608.675,608.7669999999999,609.825,608.021,607.428,607.69,608.927,608.995,607.868
411.75,1647.0,607.5980000000001,608.14,608.438,608.011,608.393,610.203,608.0880000000001,608.499,607.967,608.586,608.428,607.839,609.9169999999999,609.347,609.783,607.831,608.21,608.345,610.244,607.606,609.177,607.677,607.93,607.372,608.144,607.17,609.401,609.395,611.369,608.62,607.46,609.697,610.695,608.3430000000001,609.104,607.401,608.406,608.753,607.898,607.769,608.062,609.33,607.509,607.6759999999999,607.252,608.649,608.62,607.497
412.0,1648.0,607.611,608.1519999999999,608.545,607.879,608.265,610.905,608.307,609.307,607.932,608.429,608.645,607.993,609.423,608.216,609.323,607.95,608.408,608.036,609.8330000000001,607.79,608.605,607.658,608.54,608.332,607.98,607.701,610.581,608.863,611.515,608.665,608.345,609.3969999999999,610.831,608.136,610.0269999999999,608.86,607.839,609.1030000000001,607.5740000000001,607.986,608.724,609.109,607.752,608.38,607.122,609.613,609.14,607.621
412.25,1649.0,608.347,607.872,608.714,607.661,608.786,610.5880000000001,608.717,608.768,607.805,607.976,609.1619999999999,608.561,610.65,608.633,609.1569999999999,608.95,609.5459999999999,607.9,609.997,608.024,609.371,607.187,608.398,607.572,608.0169999999999,607.081,610.928,609.754,611.8430000000001,608.4580000000001,607.9169999999999,609.14,610.815,607.535,609.864,608.259,609.247,608.68,607.816,607.387,608.659,608.786,608.467,608.7180000000001,607.677,609.1569999999999,608.31,607.811
412.5,1650.0,607.433,607.79,609.025,607.85,608.492,610.849,607.818,608.237,608.4169999999999,608.2330000000001,607.936,608.887,609.516,608.821,610.06,608.5459999999999,609.112,607.476,609.178,607.903,609.222,607.589,608.378,607.977,608.534,607.369,610.0880000000001,610.033,611.748,608.2080000000001,608.308,609.378,610.731,607.886,609.399,608.6519999999999,607.751,609.227,608.26,607.385,608.749,609.48,607.962,607.944,608.18,608.9630000000001,608.641,607.7040000000001
412.75,1651.0,607.281,608.32,608.9119999999999,608.135,608.444,610.164,607.5740000000001,609.229,607.798,608.877,609.1759999999999,608.693,610.369,607.9590000000001,609.6419999999999,608.294,609.3290000000001,608.278,609.9630000000001,607.5880000000001,608.894,607.49,608.891,608.312,608.013,607.59,610.1519999999999,609.4780000000001,612.02,608.023,607.707,609.002,610.36,607.976,608.5409999999999,608.655,607.806,609.281,607.592,608.556,608.302,609.325,607.886,607.497,607.46,609.485,608.739,607.3919999999999
413.0,1652.0,607.971,607.746,608.536,607.727,607.925,611.56,607.981,608.712,608.602,608.557,608.965,,609.932,608.136,609.016,608.56,609.003,608.503,609.4259999999999,607.33,609.062,607.784,608.255,608.345,607.781,608.146,609.932,610.107,611.759,608.359,607.867,609.49,611.169,607.492,609.77,609.398,608.4590000000001,609.629,607.312,608.375,608.055,609.143,608.312,607.855,607.985,609.235,608.445,608.145
413.25,1653.0,608.034,607.774,608.265,607.809,607.972,610.237,609.071,608.629,608.2080000000001,608.612,608.432,,610.212,608.063,609.404,608.549,609.01,609.019,609.8240000000001,607.374,608.694,608.266,608.172,607.501,608.253,607.5319999999999,610.326,609.578,611.364,608.385,608.036,608.957,611.748,607.8009999999999,609.494,608.378,608.125,609.148,607.61,607.646,608.231,609.0369999999999,608.215,607.895,607.575,608.188,608.943,607.919
413.5,1654.0,607.988,607.865,608.302,608.0369999999999,608.7180000000001,611.231,608.818,608.56,608.856,609.021,608.761,,609.837,608.786,609.391,608.702,609.405,609.186,609.2230000000001,606.737,609.005,607.529,607.976,607.632,608.855,608.024,610.25,609.752,612.064,608.082,607.863,609.443,610.424,607.645,609.604,608.698,608.933,609.9,607.808,608.452,608.229,609.0419999999999,608.149,607.998,608.131,609.15,609.253,607.237
413.75,1655.0,607.758,607.832,608.003,608.07,608.479,611.252,608.159,608.302,608.493,608.21,608.945,607.788,609.997,608.628,609.151,609.582,609.288,608.982,609.164,607.523,608.688,607.322,608.872,607.533,609.16,608.062,609.855,610.058,612.163,608.693,607.811,608.905,610.592,607.8480000000001,609.365,608.707,608.404,608.806,607.205,608.861,608.419,609.035,608.48,608.189,607.323,608.873,608.433,607.5319999999999
414.0,1656.0,606.857,608.095,608.44,608.0880000000001,607.909,611.474,608.97,608.184,608.835,609.134,609.628,608.135,610.0219999999999,609.1659999999999,608.885,608.737,609.495,609.08,609.506,607.655,608.815,607.817,608.192,607.553,608.232,607.627,609.835,609.867,612.58,609.759,608.427,608.737,610.845,607.719,609.531,608.982,608.3340000000001,609.31,607.383,608.2080000000001,608.203,609.331,608.32,608.066,608.514,609.406,608.654,607.562
414.25,1657.0,607.895,608.031,607.994,607.524,608.678,611.237,608.694,608.105,609.206,608.6619999999999,608.452,607.969,610.466,608.496,609.021,608.661,608.729,608.148,608.8380000000001,607.876,608.741,608.117,608.712,608.04,608.82,608.117,610.311,609.55,612.469,608.24,608.064,608.393,610.711,607.909,608.578,607.9019999999999,608.495,609.036,607.434,608.979,608.069,609.127,607.846,608.341,608.257,609.082,608.8580000000001,608.044
414.5,1658.0,607.818,608.0319999999999,608.192,608.6569999999999,608.194,611.794,608.4540000000001,609.154,609.214,609.061,608.869,608.399,610.557,608.7330000000001,608.9630000000001,608.725,609.418,608.487,608.884,607.812,608.736,607.883,608.741,607.535,607.6990000000001,607.469,609.563,609.939,611.7819999999999,607.962,608.705,608.6669999999999,610.4680000000001,608.133,608.7090000000001,608.1990000000001,608.802,609.629,607.547,608.104,609.726,608.511,607.989,607.759,608.5409999999999,609.009,608.423,607.544
414.75,1659.0,608.091,608.389,607.599,608.1519999999999,608.198,611.1519999999999,607.761,607.997,609.085,608.742,609.23,608.29,610.953,608.842,608.771,608.434,609.068,608.679,609.254,607.165,608.346,607.154,607.945,607.653,608.185,607.538,609.16,609.466,612.236,608.0169999999999,607.547,609.6,610.781,607.923,609.158,608.446,608.184,608.9159999999999,607.831,608.149,609.091,608.5830000000001,607.923,608.0169999999999,607.806,608.576,608.928,607.536
415.0,1660.0,607.7330000000001,608.4,607.872,607.849,608.572,611.695,608.814,608.461,610.125,608.206,608.762,607.952,610.9730000000001,608.366,609.446,609.637,609.3480000000001,609.038,609.432,606.95,608.273,607.687,608.68,607.727,608.538,608.145,610.448,609.911,612.346,607.832,608.217,608.328,610.352,607.88,609.5269999999999,608.549,608.566,609.462,607.5790000000001,608.304,609.036,608.13,608.7080000000001,607.861,608.471,608.499,608.054,607.936
415.25,1661.0,607.672,608.304,608.4780000000001,607.961,607.9490000000001,611.153,608.505,608.226,609.355,609.544,608.418,608.482,611.016,607.722,609.123,608.111,608.695,608.47,609.198,607.638,608.237,607.7280000000001,609.02,608.11,608.462,608.257,610.109,610.019,612.201,608.505,607.774,609.391,610.572,607.573,610.321,608.5840000000001,608.5980000000001,608.669,607.835,608.427,609.126,608.386,608.818,607.91,608.56,609.432,607.908,607.749
415.5,1662.0,608.347,608.5930000000001,608.73,607.844,608.4730000000001,611.269,608.817,608.491,609.469,608.759,609.2180000000001,608.236,610.151,607.825,608.7669999999999,608.762,609.629,608.5740000000001,608.679,607.155,607.906,607.22,608.581,607.99,607.915,607.8009999999999,609.563,611.053,612.476,608.868,608.04,608.725,609.622,607.491,609.7,608.357,608.53,608.316,607.181,608.681,609.576,607.711,608.184,607.438,607.3240000000001,607.989,608.62,607.811
415.75,1663.0,607.4,608.127,607.999,608.649,608.611,611.771,608.107,607.975,609.373,609.644,608.544,608.364,610.57,608.636,608.952,608.832,609.194,608.8480000000001,609.205,607.6469999999999,608.888,607.967,608.852,607.884,607.4830000000001,607.774,609.865,610.25,611.694,607.752,607.9830000000001,609.803,609.766,608.094,610.322,607.89,607.884,608.794,607.862,608.762,609.474,609.21,608.275,607.37,607.659,608.33,608.879,607.871
416.0,1664.0,607.447,608.374,607.92,607.519,608.344,612.981,608.173,608.127,609.98,608.939,608.648,608.136,610.134,608.1709999999999,608.852,608.6569999999999,609.005,608.783,609.5930000000001,607.349,608.741,607.2919999999999,608.6469999999999,607.472,607.548,607.313,609.42,610.156,612.12,608.409,608.528,608.536,609.322,607.9,610.058,608.132,608.496,608.769,607.211,608.322,608.5169999999999,608.413,607.55,608.049,608.2909999999999,608.716,608.565,607.491
416.25,1665.0,607.865,609.408,608.531,608.132,608.23,611.151,609.04,607.72,609.235,609.312,608.645,608.069,610.062,608.6990000000001,608.9,608.957,609.001,609.58,609.276,607.604,608.326,607.758,608.475,606.927,608.255,607.857,610.118,610.4069999999999,611.4780000000001,608.821,608.1469999999999,608.989,610.279,607.645,610.276,608.405,607.816,608.117,607.242,608.928,608.861,608.395,608.096,607.75,608.544,608.895,608.882,607.512
416.5,1666.0,608.01,608.856,607.23,607.827,608.16,612.373,608.531,607.428,610.404,609.352,608.094,607.869,610.627,609.31,608.192,609.007,609.123,608.411,609.34,607.304,608.924,608.14,608.352,607.61,608.2330000000001,607.281,609.755,609.903,611.456,608.153,608.365,609.2330000000001,610.442,608.179,610.467,608.175,608.202,608.737,607.947,608.172,609.02,608.964,608.096,607.734,608.576,608.479,608.863,608.062
416.75,1667.0,608.129,609.253,607.685,607.2959999999999,608.012,611.337,608.675,607.988,609.816,608.992,608.57,607.614,610.743,608.994,609.288,609.285,608.342,608.841,609.0269999999999,607.641,608.9209999999999,608.064,609.181,607.46,608.443,607.635,610.1569999999999,610.5419999999999,610.913,607.863,607.552,608.72,610.161,607.586,610.2869999999999,608.009,608.605,609.05,608.531,609.1030000000001,608.637,609.355,608.122,607.627,607.795,608.87,608.326,608.207
417.0,1668.0,607.8380000000001,608.649,607.79,608.289,608.696,611.234,608.815,608.25,610.812,608.887,608.2040000000001,608.352,609.866,608.069,608.0830000000001,609.387,608.5790000000001,608.26,610.609,607.729,608.016,607.543,608.48,607.29,607.931,607.989,609.526,610.187,611.3430000000001,609.145,608.1030000000001,608.192,609.905,607.929,609.746,608.067,607.63,608.609,606.7719999999999,608.97,608.082,608.837,608.413,608.124,608.763,608.784,609.0409999999999,607.685
417.25,1669.0,607.804,608.557,607.8240000000001,608.091,608.146,611.1659999999999,609.364,607.391,610.327,608.9119999999999,608.271,608.331,609.6659999999999,608.305,608.16,608.639,608.4630000000001,607.688,608.1669999999999,607.168,608.7090000000001,607.591,608.058,,608.212,607.901,609.835,610.635,611.76,608.31,607.979,608.625,609.211,608.0980000000001,610.072,608.016,607.991,608.4540000000001,607.048,608.5509999999999,608.918,609.053,607.49,608.124,608.42,609.135,608.345,608.525
417.5,1670.0,607.693,608.307,607.188,608.055,608.783,611.387,608.571,608.07,610.399,609.443,607.737,608.132,611.14,608.2719999999999,608.849,608.689,608.332,608.952,609.678,608.058,608.6990000000001,607.399,608.019,607.382,608.0,607.499,609.548,610.576,610.822,608.031,608.066,608.84,610.2130000000001,607.8969999999999,610.909,608.295,608.2,608.477,608.5840000000001,608.577,608.501,608.827,607.378,607.768,608.122,608.543,608.141,608.79
417.75,1671.0,608.071,608.446,606.776,608.889,608.52,611.133,609.847,607.63,610.612,608.9159999999999,608.139,607.914,610.216,608.743,608.3,608.578,608.576,608.0169999999999,609.427,608.033,607.904,607.835,607.8480000000001,607.698,608.931,607.118,609.156,610.245,610.621,608.087,608.286,608.467,609.717,608.071,610.177,608.17,607.876,609.564,607.6569999999999,609.086,608.806,608.881,608.592,607.797,608.035,608.448,608.418,608.367
418.0,1672.0,608.3330000000001,609.1519999999999,607.432,608.057,608.214,610.876,609.3530000000001,608.201,610.2869999999999,607.895,607.895,607.863,610.023,609.242,607.617,609.055,608.502,608.1619999999999,610.078,607.746,608.614,607.582,608.063,607.99,608.169,607.905,609.672,609.925,611.309,608.559,607.2909999999999,608.51,610.18,607.62,610.714,607.953,607.817,608.6659999999999,607.4680000000001,607.4490000000001,608.169,609.368,608.2959999999999,607.266,608.031,608.61,608.56,608.117
418.25,1673.0,607.804,609.121,606.785,608.269,608.462,610.4159999999999,608.9,607.9830000000001,609.6990000000001,608.756,608.928,607.825,610.0319999999999,608.133,608.469,609.007,608.9259999999999,608.177,609.45,608.121,608.786,608.249,608.475,607.198,608.144,607.393,608.828,610.744,610.741,608.633,608.063,608.879,609.2330000000001,607.408,610.145,607.677,608.0319999999999,609.1659999999999,608.3380000000001,608.39,607.884,609.163,608.314,607.2869999999999,608.201,608.475,608.499,608.262
418.5,1674.0,608.39,608.8919999999999,607.69,608.988,608.89,610.601,609.359,607.79,609.442,608.759,608.067,607.411,609.232,608.601,608.006,608.626,608.2719999999999,608.149,609.731,607.4159999999999,608.434,607.5880000000001,608.482,607.332,608.243,608.526,609.11,609.962,610.72,609.248,607.6,608.034,609.3580000000001,607.203,609.6709999999999,607.706,607.952,608.484,606.672,608.895,608.4,608.548,607.769,607.685,608.216,608.317,608.975,608.5269999999999
418.75,1675.0,608.672,608.849,607.525,608.707,608.795,610.237,608.866,608.035,610.934,608.712,608.17,607.863,609.887,608.224,609.092,608.33,608.7719999999999,609.146,609.753,607.8330000000001,608.5880000000001,607.677,607.443,607.743,609.146,607.03,609.689,611.092,610.9590000000001,608.665,608.2909999999999,607.995,609.237,606.976,610.55,607.979,608.121,608.2230000000001,607.632,608.7180000000001,608.271,609.4680000000001,608.5509999999999,607.7230000000001,607.731,607.932,608.572,608.131
419.0,1676.0,608.196,609.232,608.064,608.418,609.092,610.447,609.79,607.874,609.7090000000001,608.5830000000001,608.0169999999999,607.966,609.486,608.328,608.055,609.055,608.976,607.498,609.516,607.602,608.687,607.24,607.998,608.371,608.8480000000001,607.405,609.3530000000001,610.819,610.47,607.992,607.865,607.766,609.602,607.808,610.297,607.639,608.285,608.937,607.56,608.6669999999999,608.256,609.11,608.5830000000001,607.418,607.634,608.186,608.51,607.957
419.25,1677.0,608.492,609.261,607.262,608.269,608.899,610.567,610.122,608.211,610.262,608.637,607.735,608.631,609.944,608.883,608.431,609.514,608.229,608.438,609.911,608.649,608.4,607.394,608.1619999999999,608.29,608.37,608.368,609.2869999999999,610.014,610.168,608.14,608.196,608.487,609.482,608.216,609.899,607.9580000000001,607.71,608.64,608.124,608.943,608.3340000000001,609.55,609.07,607.844,608.418,608.273,608.548,607.4209999999999
419.5,1678.0,608.446,609.372,607.389,607.6419999999999,608.863,610.387,610.024,607.962,609.3290000000001,608.939,608.2330000000001,608.384,608.8,608.868,608.102,608.888,608.3340000000001,607.8919999999999,609.83,607.953,607.7090000000001,606.914,608.314,608.144,608.62,607.66,609.123,610.072,609.6619999999999,608.049,607.764,607.825,609.506,608.3009999999999,609.982,608.27,607.437,609.013,606.789,609.024,608.1419999999999,609.349,608.356,607.7909999999999,607.946,607.987,608.596,608.9630000000001
419.75,1679.0,608.011,608.875,607.507,607.894,609.17,609.911,609.884,607.77,610.389,608.636,608.548,608.263,609.539,608.646,608.493,608.761,608.118,608.529,609.622,608.637,608.479,607.526,608.327,607.447,609.035,607.9630000000001,609.273,610.434,610.664,608.631,608.568,607.569,609.216,607.128,610.0790000000001,607.89,608.007,608.955,607.645,608.363,608.572,608.727,608.765,607.509,608.3,608.536,608.3240000000001,608.765
420.0,1680.0,608.298,608.398,607.389,608.513,609.279,610.136,609.656,608.0169999999999,610.5319999999999,608.7180000000001,608.326,608.114,610.1030000000001,608.828,608.059,608.3330000000001,608.3290000000001,608.071,609.4159999999999,608.403,608.803,607.586,607.86,608.175,608.613,607.827,608.922,609.9590000000001,609.922,608.195,607.386,608.159,609.556,607.029,610.016,607.784,608.1419999999999,608.5930000000001,607.243,608.803,609.014,609.125,608.632,607.948,607.881,607.877,609.172,608.9540000000001
420.25,1681.0,608.442,608.55,607.624,607.9580000000001,608.96,609.6569999999999,610.385,608.196,610.9159999999999,608.004,608.175,607.776,608.5219999999999,608.8919999999999,608.55,608.664,608.374,608.029,610.224,607.814,608.971,607.434,608.116,607.5880000000001,609.064,608.018,609.298,610.295,609.986,608.0369999999999,607.439,608.17,609.345,607.375,608.986,608.132,608.173,608.129,607.703,609.5409999999999,608.7230000000001,608.786,608.622,607.35,607.906,608.771,608.875,608.2819999999999
420.5,1682.0,608.445,609.278,606.798,608.605,609.0269999999999,609.864,610.268,608.135,610.3919999999999,608.58,608.2230000000001,608.444,608.798,608.939,608.56,609.038,608.153,608.757,609.734,608.479,609.07,607.901,608.398,607.9069999999999,607.851,607.969,609.2130000000001,610.2180000000001,610.345,608.679,608.024,608.283,609.479,607.729,610.503,607.3340000000001,608.719,608.578,607.825,609.586,608.27,608.8580000000001,608.135,607.749,608.068,608.257,608.924,607.904
420.75,1683.0,608.04,608.936,607.612,608.2959999999999,609.341,610.24,610.84,608.27,610.406,608.548,608.915,607.58,609.154,608.525,608.092,608.659,608.645,608.6519999999999,609.606,609.155,608.518,608.349,608.275,608.097,608.258,608.077,610.014,609.365,610.585,608.29,607.93,608.352,610.08,608.1519999999999,609.615,607.694,608.058,608.825,607.3380000000001,609.3430000000001,607.832,608.9019999999999,607.874,607.725,608.215,608.09,608.169,608.751
421.0,1684.0,607.52,609.554,607.845,608.585,608.539,609.485,610.707,608.1669999999999,610.065,608.278,608.094,608.107,609.716,608.461,608.798,608.69,608.203,607.576,609.559,608.194,609.3919999999999,607.481,608.91,607.924,607.909,608.485,608.987,609.38,609.9119999999999,608.377,608.144,608.275,608.805,607.7080000000001,609.377,608.341,607.982,609.094,607.572,609.319,608.9,608.623,607.967,608.1759999999999,608.4680000000001,607.836,608.239,607.922
421.25,1685.0,608.947,608.327,607.991,608.226,608.6,609.655,611.097,608.51,610.582,608.865,608.573,608.214,608.9209999999999,608.309,608.146,608.669,607.875,607.715,609.37,609.453,608.923,608.155,608.24,607.862,609.0790000000001,607.9119999999999,609.161,609.368,609.68,607.9,608.04,608.106,608.8969999999999,607.275,609.879,607.819,608.371,608.7130000000001,608.203,609.034,608.187,608.268,608.073,607.02,608.03,608.309,608.9,608.707
421.5,1686.0,608.385,609.182,606.8480000000001,608.141,608.5269999999999,609.776,610.586,608.405,609.956,608.145,608.757,608.314,608.331,608.398,608.066,609.446,608.5219999999999,609.179,608.908,608.827,609.27,607.563,608.1469999999999,607.863,608.241,607.423,609.336,609.5459999999999,610.507,608.539,607.7769999999999,607.734,609.562,607.1,609.9830000000001,607.736,607.404,608.418,607.739,609.859,609.202,608.941,607.769,608.036,608.3240000000001,608.173,607.876,608.744
421.75,1687.0,608.568,608.813,607.49,607.918,608.387,609.321,609.8380000000001,608.457,610.628,608.55,607.75,608.059,609.714,608.192,608.325,608.758,608.48,608.943,609.597,609.2330000000001,608.8340000000001,607.5409999999999,608.052,607.889,608.85,607.184,609.382,609.48,609.75,608.242,607.726,608.122,608.859,607.859,609.92,608.339,608.201,608.4209999999999,607.326,609.359,609.275,608.965,608.44,607.0509999999999,608.55,607.341,608.929,608.969
422.0,1688.0,607.88,608.836,608.0980000000001,608.592,608.314,609.664,610.149,608.725,610.413,607.952,608.254,607.914,608.802,609.4780000000001,607.627,609.193,607.866,609.024,609.26,608.805,609.193,607.508,608.206,608.14,608.644,608.783,609.683,609.696,610.4630000000001,608.1759999999999,608.365,607.8480000000001,609.885,607.5880000000001,609.7180000000001,608.207,607.842,607.716,608.018,609.594,609.0,608.57,607.894,607.7769999999999,608.84,607.43,608.752,608.899
422.25,1689.0,608.13,608.721,608.2819999999999,607.6619999999999,608.481,609.475,609.869,608.5,610.164,608.271,608.021,607.6659999999999,609.186,608.665,607.414,608.567,608.681,608.327,608.371,608.844,608.854,607.927,607.8580000000001,608.101,608.244,607.945,609.7330000000001,609.933,610.313,609.364,607.919,607.626,609.3919999999999,607.605,609.51,608.433,608.222,607.9019999999999,606.966,609.385,608.607,608.8480000000001,607.837,607.753,608.594,607.5219999999999,608.2769999999999,608.429
422.5,1690.0,609.27,608.807,608.003,608.315,608.026,609.46,609.474,608.6759999999999,610.105,608.119,607.9119999999999,608.221,608.453,608.409,608.389,608.7959999999999,608.622,608.104,609.004,608.924,609.02,608.1569999999999,607.889,608.466,608.879,608.053,609.268,609.393,610.2819999999999,608.561,607.882,607.6469999999999,608.4730000000001,607.9159999999999,610.01,609.015,607.798,609.198,608.5219999999999,609.525,608.894,609.191,609.04,607.554,607.68,607.409,608.555,607.847
422.75,1691.0,608.366,609.488,607.317,608.362,608.911,609.105,610.854,607.869,610.145,608.068,608.328,607.587,608.3380000000001,608.493,608.294,608.3330000000001,608.105,608.396,609.056,609.2919999999999,609.3009999999999,607.076,607.558,608.174,608.17,608.0840000000001,609.3480000000001,608.881,609.7719999999999,608.388,607.961,608.347,609.186,607.488,609.951,607.835,607.795,607.974,607.516,609.41,609.2819999999999,608.63,607.895,608.08,608.932,607.8009999999999,608.521,608.234
423.0,1692.0,608.2090000000001,608.866,607.602,608.729,608.729,609.636,609.929,608.578,610.137,607.971,607.822,607.591,608.623,609.064,608.512,609.023,608.7330000000001,608.285,608.944,609.545,608.953,608.374,607.893,608.66,609.067,608.36,609.985,609.508,609.884,608.526,607.807,607.401,609.4019999999999,607.271,609.83,608.177,607.638,608.92,607.927,610.0369999999999,608.911,608.8009999999999,608.405,607.989,607.922,606.924,608.79,608.559
423.25,1693.0,608.061,608.117,607.496,608.6030000000001,609.03,608.909,610.596,608.741,610.235,608.314,608.4680000000001,608.026,607.9830000000001,608.226,607.368,608.497,608.029,608.264,608.96,608.811,609.175,607.9630000000001,607.981,608.383,609.09,607.714,609.737,608.488,610.495,608.124,608.12,607.341,609.49,607.418,609.46,607.8330000000001,607.602,607.745,607.865,609.456,609.744,608.705,608.445,607.7769999999999,608.0880000000001,608.008,608.474,608.231
423.5,1694.0,607.885,608.635,608.188,608.156,608.981,609.13,609.495,608.4590000000001,609.509,608.076,609.362,607.734,608.188,608.589,608.908,608.29,608.525,607.988,609.288,609.1619999999999,609.621,607.013,608.659,608.187,609.071,608.434,609.179,608.998,609.738,607.739,607.543,608.653,609.361,607.6990000000001,608.839,607.428,608.331,608.37,607.878,609.4119999999999,609.549,608.576,607.475,607.967,607.937,608.063,608.556,608.009
423.75,1695.0,608.043,609.115,607.411,607.665,608.6669999999999,608.794,609.556,608.882,610.56,607.693,608.156,608.007,608.548,609.026,608.526,608.453,608.637,608.008,608.967,608.568,608.9580000000001,607.5409999999999,608.347,607.702,609.466,606.714,609.134,608.557,609.58,608.615,607.629,608.78,609.446,608.127,609.56,608.059,608.138,608.874,607.924,609.67,609.114,608.362,607.705,607.4490000000001,608.5269999999999,607.993,609.066,607.967
424.0,1696.0,607.942,608.795,607.83,608.252,608.981,609.102,608.82,609.133,608.999,607.9780000000001,607.634,608.094,608.9680000000001,609.168,608.515,608.644,608.39,608.262,608.249,608.706,609.278,607.5980000000001,607.9069999999999,607.732,609.078,607.5319999999999,609.4159999999999,609.219,609.5880000000001,608.442,606.804,607.856,609.504,607.36,609.33,607.811,607.831,608.253,607.726,609.0980000000001,608.776,608.391,607.4,608.344,607.781,608.275,609.012,607.4490000000001
424.25,1697.0,608.433,609.972,608.268,608.625,608.515,609.161,609.271,609.189,609.57,607.596,608.6990000000001,607.555,607.985,608.887,607.924,608.498,608.462,607.994,609.185,608.9630000000001,608.443,607.594,608.009,608.1519999999999,609.55,607.725,608.803,608.235,609.259,608.4,608.4540000000001,607.614,609.565,607.503,609.5219999999999,608.623,608.26,608.797,608.193,609.509,609.678,608.154,608.271,608.057,608.7330000000001,607.126,608.5509999999999,607.748
424.5,1698.0,607.327,609.425,608.021,608.89,608.253,609.466,609.276,609.614,609.388,608.13,608.124,607.812,608.0269999999999,608.9069999999999,608.443,608.205,607.738,608.446,608.793,608.2040000000001,608.919,608.009,608.976,607.577,608.976,607.879,609.465,608.846,610.149,608.746,607.2909999999999,607.719,609.817,608.012,609.586,608.135,608.953,608.367,607.467,609.404,608.9580000000001,608.33,607.637,607.766,608.238,607.714,608.571,608.1419999999999
424.75,1699.0,607.9680000000001,608.379,607.695,608.099,608.26,608.941,609.585,609.428,608.746,607.827,608.596,608.028,608.369,609.117,607.721,607.995,608.563,608.675,609.8340000000001,608.956,608.875,607.879,607.659,608.321,609.1659999999999,607.877,608.51,608.992,609.923,608.375,608.249,608.46,608.816,607.413,609.746,608.236,608.764,608.828,607.3430000000001,609.947,608.701,608.33,607.56,607.511,608.0319999999999,607.562,609.091,607.88
425.0,1700.0,608.1669999999999,608.706,607.002,607.707,608.307,608.9540000000001,609.665,609.434,609.455,608.386,608.045,608.023,608.698,609.884,608.47,608.028,608.307,608.815,609.737,608.901,608.431,608.46,608.3,607.557,608.59,607.509,608.577,608.827,610.469,608.528,607.955,607.9169999999999,609.005,607.9169999999999,609.631,608.519,608.905,608.3290000000001,608.184,609.441,608.427,608.536,607.93,607.439,608.784,607.757,607.946,608.879
425.25,1701.0,608.102,609.076,607.891,608.51,608.227,609.097,608.889,609.148,608.915,607.488,608.567,607.872,608.9,609.183,607.835,608.319,607.993,607.609,609.14,608.688,609.279,608.116,607.149,607.911,609.235,607.178,609.128,608.817,609.024,608.851,607.698,608.2919999999999,609.769,608.1569999999999,608.9259999999999,608.129,608.066,608.37,607.122,609.844,608.856,608.875,607.933,607.327,607.755,608.26,608.007,608.168
425.5,1702.0,608.141,608.859,607.511,608.592,608.401,608.0840000000001,609.606,609.711,608.952,607.413,608.81,608.601,608.241,609.193,607.993,608.47,608.288,608.788,608.622,608.639,608.39,607.02,608.198,609.697,609.169,607.384,608.5169999999999,608.775,610.259,608.001,607.9680000000001,607.981,609.394,607.59,609.227,608.381,608.48,609.316,607.6990000000001,609.394,608.367,608.587,607.867,607.732,608.188,607.61,608.762,608.169
425.75,1703.0,607.946,608.865,608.014,609.385,609.285,609.43,608.972,609.109,609.825,608.087,608.388,607.936,609.133,609.655,608.4209999999999,608.65,607.982,608.71,608.507,608.613,607.98,608.398,607.8240000000001,608.0269999999999,609.009,607.988,608.8290000000001,609.609,609.499,607.753,607.5459999999999,607.052,609.29,608.005,609.879,608.339,608.448,609.02,607.526,609.359,608.627,608.181,607.669,607.755,608.8340000000001,607.702,608.681,607.701
426.0,1704.0,608.206,609.2909999999999,608.148,608.747,608.39,608.909,609.092,609.567,609.895,608.028,608.293,607.518,608.618,610.0409999999999,608.184,607.864,608.322,607.822,608.5880000000001,609.3290000000001,608.795,607.942,608.35,607.746,609.461,607.766,608.17,608.609,609.519,608.46,608.119,607.589,609.58,607.739,609.7919999999999,608.539,608.504,609.136,607.827,609.44,608.2040000000001,608.972,608.536,607.8919999999999,608.311,608.119,608.489,608.586
426.25,1705.0,608.211,608.4169999999999,608.2080000000001,607.768,608.497,608.84,608.701,609.1419999999999,609.0419999999999,608.582,607.924,607.706,608.672,609.698,608.239,608.165,608.555,608.184,609.304,608.561,608.225,608.83,608.4259999999999,607.721,609.637,607.7330000000001,609.273,608.826,609.318,608.675,608.1080000000001,607.6419999999999,609.026,607.795,608.8240000000001,608.124,607.96,608.981,607.163,610.2919999999999,608.665,608.2090000000001,608.389,607.988,608.827,607.806,608.201,608.215
426.5,1706.0,607.756,608.877,607.931,608.305,608.925,609.33,609.163,609.423,609.344,607.866,608.8009999999999,607.857,608.73,609.281,608.0369999999999,608.984,608.3009999999999,607.485,608.701,608.881,608.877,607.75,607.654,606.7919999999999,609.74,608.146,608.745,609.519,609.773,608.339,607.219,607.697,609.039,607.629,609.172,608.283,608.705,608.956,607.722,609.904,608.742,607.831,607.695,607.914,608.038,608.129,608.2,607.774
426.75,1707.0,607.9630000000001,608.7669999999999,608.195,608.319,607.502,608.609,609.242,608.972,609.447,607.967,608.86,607.474,608.451,609.656,608.381,609.067,607.972,608.49,608.651,608.854,608.658,607.548,608.492,607.367,609.563,607.13,609.7819999999999,609.268,609.062,608.222,607.605,608.0409999999999,609.004,608.082,608.804,608.828,608.67,608.498,607.68,608.739,608.755,607.927,607.18,608.27,608.88,607.553,608.982,608.691
427.0,1708.0,607.585,607.97,608.33,608.342,608.317,609.0880000000001,608.479,608.591,609.55,607.0269999999999,608.437,607.252,608.384,609.812,608.268,607.9730000000001,607.9580000000001,608.133,609.153,609.114,608.994,608.347,607.661,607.745,609.876,607.294,609.649,609.129,609.169,608.3,607.2090000000001,607.5509999999999,608.903,607.462,608.675,608.751,608.3290000000001,609.27,608.0980000000001,609.1709999999999,608.953,608.391,607.9019999999999,608.385,608.262,608.481,608.828,608.08
427.25,1709.0,607.706,608.4019999999999,608.055,608.326,607.993,608.518,609.28,608.4259999999999,609.211,607.639,607.986,607.492,609.436,609.81,608.543,607.953,608.118,608.485,608.269,608.494,609.177,608.409,607.735,607.351,609.205,607.456,608.475,609.004,609.2230000000001,608.347,607.743,607.17,608.964,607.5409999999999,609.013,608.655,609.529,609.307,607.557,609.499,608.826,607.63,608.021,607.867,607.915,607.994,608.194,607.7909999999999
427.5,1710.0,608.385,609.135,608.115,607.941,607.929,609.446,609.3240000000001,609.502,609.401,608.063,608.217,607.9780000000001,608.571,609.219,608.611,608.607,608.6519999999999,607.944,608.388,608.19,608.8,607.882,608.569,608.1,609.129,607.8240000000001,608.851,608.687,609.734,608.055,608.268,607.307,609.5930000000001,608.0459999999999,608.975,608.581,609.057,608.521,608.02,609.001,608.859,607.91,607.832,607.763,607.594,607.566,608.736,608.096
427.75,1711.0,608.665,608.409,608.519,607.69,608.3530000000001,608.868,609.026,608.774,609.394,607.681,608.516,607.885,608.589,609.439,608.4780000000001,607.778,608.903,607.932,608.757,608.795,608.192,608.048,607.8380000000001,607.302,608.957,606.93,608.399,608.856,609.3969999999999,608.562,608.279,607.505,609.328,608.501,608.302,608.216,608.148,607.88,607.493,608.956,608.323,608.191,608.13,607.923,608.776,608.045,608.178,607.622
428.0,1712.0,607.879,608.77,608.447,608.2230000000001,608.36,608.695,609.043,609.102,609.384,607.908,608.775,608.072,608.67,609.487,609.21,607.931,607.904,608.138,609.3,608.75,608.8380000000001,608.635,607.877,608.23,609.273,607.9159999999999,608.555,608.51,609.799,608.053,607.88,607.567,609.444,608.049,608.877,609.029,609.036,608.355,608.241,608.702,608.3480000000001,607.889,607.25,608.102,608.195,608.003,609.187,607.624
428.25,1713.0,607.884,608.281,608.964,608.136,607.991,609.349,608.284,609.119,609.45,607.901,608.66,607.558,608.672,609.626,609.1619999999999,608.016,607.8580000000001,608.419,608.821,608.1,608.6659999999999,608.4069999999999,608.096,608.403,608.351,607.131,608.961,608.634,609.323,608.4,607.689,608.501,609.2090000000001,608.312,608.175,608.591,608.556,607.822,607.7719999999999,608.851,609.3330000000001,608.196,607.752,608.394,607.624,608.318,608.133,608.2080000000001
428.5,1714.0,607.9,608.138,607.955,608.339,608.11,609.472,608.717,608.227,609.624,607.214,608.452,607.1669999999999,608.86,609.4580000000001,608.955,607.67,608.497,607.922,609.5409999999999,608.3290000000001,609.016,608.031,608.638,608.069,609.123,607.515,609.118,608.645,609.339,608.909,607.8580000000001,608.031,609.231,608.0369999999999,608.97,609.326,609.1419999999999,608.911,607.581,609.0219999999999,608.109,607.491,608.226,608.2719999999999,608.16,607.979,608.453,607.9159999999999
428.75,1715.0,608.0269999999999,608.202,607.428,608.118,608.13,609.252,608.52,607.8530000000001,608.655,608.072,608.362,607.9780000000001,608.965,608.665,608.985,608.011,608.078,608.361,609.12,608.469,608.681,607.055,608.2130000000001,607.895,610.246,607.63,608.674,609.312,609.646,608.836,608.367,608.0169999999999,608.145,608.0319999999999,609.241,608.548,608.755,608.683,607.751,609.224,607.571,608.188,607.629,608.506,607.927,609.063,608.322,608.357
429.0,1716.0,607.428,608.307,608.08,607.573,608.116,609.556,608.115,608.299,609.6519999999999,608.506,608.243,607.755,609.21,609.2330000000001,609.226,607.611,608.451,608.806,609.137,608.245,608.448,607.901,608.435,608.0509999999999,609.107,607.115,608.745,609.78,609.685,608.052,608.061,607.9680000000001,609.2230000000001,608.375,608.948,608.807,608.557,608.41,607.196,608.44,608.601,607.927,607.396,608.419,608.0269999999999,607.609,608.472,607.818
429.25,1717.0,607.617,607.91,608.127,607.715,608.366,609.538,608.885,608.8,609.3330000000001,608.145,608.053,607.1990000000001,609.283,609.427,609.056,607.947,608.489,608.477,609.107,607.69,607.582,607.832,608.682,607.779,608.8340000000001,607.006,608.779,608.656,609.9209999999999,607.87,607.887,607.512,608.923,607.745,608.4680000000001,608.25,608.28,608.2040000000001,607.1659999999999,608.205,607.429,607.994,608.0790000000001,607.294,608.438,608.16,607.9830000000001,608.116
429.5,1718.0,607.196,607.898,608.372,608.061,607.774,609.45,608.524,608.457,608.908,607.2719999999999,608.357,607.872,608.884,609.133,609.429,608.477,607.855,608.099,608.969,608.089,608.674,607.419,608.582,607.613,608.75,607.674,608.987,609.1,610.047,608.65,607.769,607.336,608.678,607.4590000000001,609.07,608.312,608.028,608.6759999999999,607.9019999999999,608.048,607.992,608.5219999999999,608.313,608.409,607.258,608.3430000000001,608.034,608.036
429.75,1719.0,608.061,608.607,608.472,607.678,607.5319999999999,610.039,608.466,608.462,609.879,607.78,608.859,608.374,608.96,609.058,608.947,607.8,608.687,607.665,609.2819999999999,608.197,609.555,608.467,608.237,607.911,608.75,606.689,608.62,608.599,609.401,608.72,608.112,608.284,608.572,608.082,608.925,608.214,608.636,607.4580000000001,607.1659999999999,608.572,608.401,607.6619999999999,607.7819999999999,607.549,608.336,608.394,608.382,608.067
430.0,1720.0,608.874,607.73,608.379,607.614,608.08,608.384,608.692,608.9259999999999,609.91,608.021,608.712,607.63,609.156,610.045,609.366,607.741,608.076,608.076,608.909,607.7769999999999,608.457,608.2769999999999,608.638,607.46,609.15,608.01,607.8919999999999,608.411,608.946,608.6990000000001,608.0790000000001,606.9730000000001,608.77,608.116,609.249,608.385,607.913,607.668,606.962,608.2130000000001,608.094,607.578,608.207,607.9830000000001,608.715,608.42,608.37,607.758
430.25,1721.0,607.668,608.117,608.097,607.997,607.813,608.698,607.888,608.876,609.362,607.7080000000001,608.32,608.405,609.5,609.265,609.38,607.471,608.242,607.925,609.297,608.029,609.674,607.554,608.2909999999999,608.126,608.871,607.857,608.395,609.099,610.059,608.804,607.826,608.076,609.135,608.239,608.25,608.294,607.961,608.6659999999999,607.502,608.337,607.962,608.442,608.1709999999999,608.073,609.2919999999999,608.374,607.922,607.809
430.5,1722.0,608.335,608.2719999999999,607.727,608.013,608.073,608.686,608.783,608.714,610.648,608.2330000000001,608.257,608.826,608.62,609.026,609.1030000000001,608.014,607.934,607.498,609.063,607.765,609.37,607.9169999999999,608.239,608.144,608.36,607.596,609.194,609.283,609.947,608.6759999999999,607.828,607.814,608.915,608.177,608.44,607.837,607.797,607.951,607.405,608.388,608.1659999999999,608.9,607.1,608.14,608.805,608.379,607.747,608.521
430.75,1723.0,607.923,608.349,608.341,608.2090000000001,608.131,608.738,608.617,608.673,610.485,607.985,608.311,609.048,609.101,608.5409999999999,608.5740000000001,607.658,608.288,608.4209999999999,608.887,607.839,609.0269999999999,608.064,607.9630000000001,607.661,608.474,607.611,609.174,609.0840000000001,609.356,607.976,607.475,607.635,608.2080000000001,608.225,608.261,608.572,608.528,608.434,607.837,607.846,608.357,607.261,608.3240000000001,608.318,608.578,608.366,608.7090000000001,609.018
431.0,1724.0,608.6619999999999,608.482,607.923,607.886,608.336,608.663,608.9780000000001,607.685,610.447,607.7330000000001,608.549,608.186,609.779,608.385,609.415,608.371,608.724,607.641,609.105,607.739,609.688,607.996,608.242,607.246,608.79,608.096,608.556,608.331,609.903,608.762,608.007,608.151,609.224,607.808,609.4069999999999,608.344,608.026,607.974,607.977,609.047,608.616,607.719,607.7330000000001,607.455,608.54,608.753,608.189,608.34
431.25,1725.0,607.861,607.876,608.6080000000001,608.261,608.909,609.698,608.337,608.627,610.506,608.018,608.655,608.183,608.945,608.4490000000001,609.56,608.188,608.891,608.214,609.4590000000001,608.336,608.325,608.422,609.315,607.625,608.842,607.308,609.0419999999999,609.0740000000001,610.423,608.354,607.6759999999999,608.216,608.99,607.96,608.499,608.452,608.5740000000001,607.732,608.499,608.525,607.927,608.4,608.069,608.477,608.047,608.403,607.612,608.256
431.5,1726.0,607.637,608.3,607.311,608.114,609.016,608.559,608.612,608.817,610.0169999999999,607.894,608.726,607.985,609.346,607.984,609.395,608.2819999999999,609.095,607.716,609.011,606.736,608.656,608.501,608.69,606.8919999999999,607.967,607.339,608.021,608.933,609.419,609.327,607.757,607.94,608.862,608.169,609.244,607.871,607.979,607.8919999999999,608.455,608.429,608.231,608.5269999999999,608.048,608.226,608.184,608.812,608.889,608.3430000000001
431.75,1727.0,607.7180000000001,607.515,608.238,607.518,609.053,607.559,608.874,608.316,609.189,607.5169999999999,608.28,607.883,609.099,607.915,610.045,608.668,608.891,607.356,609.053,607.479,608.92,606.991,608.4630000000001,607.67,608.41,607.34,608.279,608.798,609.295,609.138,607.634,607.844,608.049,608.264,608.729,608.638,608.529,607.996,607.03,607.395,608.665,608.123,607.634,608.0830000000001,608.696,608.573,608.981,608.991
432.0,1728.0,608.533,607.989,607.16,607.633,608.757,608.101,608.899,607.1469999999999,610.758,,608.585,608.185,608.549,608.398,609.4069999999999,608.386,609.067,607.496,609.117,607.664,608.398,607.515,607.519,607.726,608.222,607.241,608.455,608.55,609.359,608.6709999999999,608.586,608.205,608.565,608.242,608.653,608.819,607.784,608.028,607.5509999999999,607.239,608.99,608.372,608.961,608.1990000000001,608.232,608.266,608.305,608.35
432.25,1729.0,607.731,608.3340000000001,608.121,608.128,608.553,608.668,608.367,608.581,611.075,,608.571,608.184,609.467,607.811,609.482,607.625,608.087,608.312,608.976,607.479,608.961,607.45,608.251,607.431,608.549,607.335,608.82,608.69,609.864,608.399,608.181,608.206,608.198,608.137,608.813,608.485,608.252,608.477,607.086,608.003,608.302,607.893,608.133,608.31,608.8969999999999,608.457,607.5369999999999,608.54
432.5,1730.0,607.918,607.65,607.807,607.994,608.876,608.7180000000001,608.806,608.37,610.274,,608.2330000000001,608.327,608.827,607.997,608.6659999999999,607.17,607.879,607.933,609.089,607.764,608.72,607.567,608.105,607.932,608.571,607.2959999999999,608.317,608.81,610.276,608.638,607.738,607.577,608.763,608.643,608.404,607.68,608.325,607.763,607.977,608.094,607.933,607.891,608.123,608.248,608.875,608.894,608.048,608.81
432.75,1731.0,607.731,607.303,607.914,608.069,608.762,608.243,607.901,608.88,609.685,,607.941,608.1,609.207,608.259,609.344,607.49,608.477,608.045,609.001,607.659,608.95,608.194,608.109,608.385,607.866,607.276,608.45,609.235,609.3290000000001,608.261,608.297,608.837,608.381,608.646,608.445,609.109,608.486,608.746,607.445,607.629,608.1,608.001,608.001,607.74,608.774,609.3240000000001,608.013,608.536
433.0,1732.0,607.627,607.849,608.271,608.214,608.516,609.121,608.465,608.244,609.513,,608.168,608.16,608.815,607.661,609.2090000000001,607.401,608.3290000000001,608.018,609.1569999999999,608.121,607.952,607.687,607.85,607.757,608.425,607.23,608.077,608.696,610.5219999999999,609.1,608.302,608.099,608.44,608.763,607.827,608.726,608.932,608.437,607.803,607.1469999999999,608.2130000000001,607.832,607.58,608.156,608.32,609.121,608.048,608.614
433.25,1733.0,607.607,607.87,608.72,607.703,609.156,608.962,607.629,608.366,610.122,,608.361,608.011,609.383,608.381,608.499,607.928,607.744,607.717,609.117,606.877,608.5980000000001,607.859,608.141,607.4,608.701,607.01,608.511,609.24,609.6519999999999,609.173,607.939,607.992,608.182,608.672,608.013,608.194,608.169,608.674,606.955,607.411,608.2280000000001,608.305,608.089,607.217,608.385,609.068,607.868,609.236
433.5,1734.0,608.444,607.925,608.2909999999999,607.58,608.363,608.901,608.265,608.868,610.049,607.729,608.428,608.592,609.095,607.8530000000001,609.356,607.795,608.706,608.627,608.908,607.678,608.743,608.1469999999999,608.6030000000001,607.664,608.794,607.512,608.361,609.757,609.71,608.5790000000001,608.245,607.7280000000001,607.607,607.915,608.872,608.12,608.366,608.2719999999999,606.47,607.549,608.278,608.229,608.768,607.631,608.4259999999999,608.717,607.886,608.187
433.75,1735.0,608.3530000000001,608.567,608.347,607.865,608.182,608.9540000000001,608.587,608.341,610.549,607.8009999999999,608.011,608.785,609.966,607.77,608.9259999999999,607.742,607.864,608.5,609.217,607.6990000000001,608.275,608.076,609.336,607.3919999999999,609.003,607.044,608.569,607.986,610.02,608.7280000000001,607.67,607.7719999999999,608.67,608.273,608.966,608.3380000000001,608.786,608.354,607.555,608.008,608.0980000000001,607.964,607.995,608.028,608.624,608.991,608.509,608.609
434.0,1736.0,607.726,607.248,607.925,608.528,608.7919999999999,609.075,608.435,608.641,610.217,,608.243,608.2669999999999,609.586,608.2130000000001,608.882,608.498,608.604,607.646,608.487,608.006,607.933,607.262,608.511,607.82,608.634,607.4780000000001,608.373,609.589,609.589,609.22,607.901,607.453,608.076,607.758,608.188,607.924,608.888,608.5319999999999,607.992,607.474,608.135,607.816,608.35,607.844,608.326,609.078,608.179,608.7919999999999
434.25,1737.0,608.179,607.705,607.4780000000001,608.059,608.0840000000001,608.832,608.283,608.861,609.821,607.7280000000001,608.47,608.069,609.456,608.1709999999999,609.111,608.266,608.822,607.7869999999999,609.243,607.6619999999999,608.932,607.693,608.521,607.78,608.058,607.4590000000001,608.5319999999999,608.847,609.1709999999999,608.349,608.386,608.446,608.64,608.804,609.126,608.187,608.877,608.365,607.016,607.622,608.0830000000001,607.969,608.34,607.243,607.78,608.741,607.7769999999999,608.5269999999999
434.5,1738.0,608.219,607.905,608.053,607.915,608.113,609.1469999999999,608.456,608.393,610.045,607.977,608.639,608.444,610.104,607.339,608.938,608.091,607.9680000000001,607.489,609.363,607.639,608.525,607.698,608.431,608.1759999999999,607.754,607.575,607.84,609.302,608.851,608.724,608.231,608.2180000000001,608.288,608.596,608.44,608.52,608.404,608.664,608.123,607.512,608.092,608.205,608.507,608.375,608.317,608.5509999999999,607.6659999999999,608.957
434.75,1739.0,607.946,607.8330000000001,607.599,607.616,608.653,609.061,607.656,607.7909999999999,609.969,608.262,607.9159999999999,608.038,610.03,607.872,608.5740000000001,607.261,608.198,608.117,609.131,607.4069999999999,607.957,607.715,607.928,607.77,607.779,607.536,607.797,609.076,609.168,608.846,608.664,608.441,607.864,607.52,608.5790000000001,608.665,608.744,607.732,607.888,607.87,607.888,607.575,608.038,608.14,608.802,608.945,607.804,608.94
435.0,1740.0,607.981,607.664,607.817,607.797,608.401,609.405,607.846,607.9209999999999,609.862,607.372,608.32,608.056,609.418,608.105,609.0840000000001,608.0269999999999,608.036,608.284,609.044,607.596,607.59,608.047,608.653,607.706,608.828,607.1030000000001,608.43,608.566,609.539,609.2959999999999,607.624,609.0840000000001,607.7959999999999,608.3430000000001,608.9259999999999,608.7330000000001,608.755,608.05,607.127,607.087,607.776,607.962,608.498,607.842,608.101,609.436,608.28,608.967
435.25,1741.0,607.804,607.72,608.481,607.97,608.339,609.758,607.731,607.992,610.009,607.879,608.15,608.689,609.102,607.599,609.52,607.45,607.793,608.52,608.996,608.175,608.525,607.388,608.673,607.418,608.283,607.6030000000001,608.2819999999999,608.038,610.354,608.872,608.0930000000001,609.091,609.265,608.616,608.499,608.186,608.808,607.5930000000001,607.991,607.045,607.5930000000001,608.304,607.882,608.148,607.999,609.206,607.641,608.16
435.5,1742.0,607.669,607.634,607.639,608.013,609.2090000000001,609.414,607.955,607.9209999999999,609.988,608.237,608.434,608.73,610.317,607.453,608.533,607.778,608.0980000000001,608.681,608.869,607.398,608.401,607.807,608.5980000000001,607.841,608.368,607.312,608.382,609.307,609.645,609.0409999999999,608.019,609.002,607.887,607.976,608.5369999999999,607.88,608.712,608.2769999999999,607.935,607.19,608.512,607.553,608.6419999999999,608.1419999999999,608.956,608.817,607.752,608.247
435.75,1743.0,608.367,607.846,607.465,607.997,608.557,608.51,607.612,609.165,609.4630000000001,,607.7130000000001,607.675,609.75,608.401,608.814,607.78,608.356,608.22,608.3480000000001,607.625,608.549,607.1990000000001,608.319,608.04,607.737,607.127,608.83,608.495,609.5509999999999,608.882,608.4830000000001,609.2180000000001,608.206,608.738,608.395,607.751,608.684,608.0,607.7719999999999,607.548,607.597,608.558,608.5880000000001,607.712,608.102,608.4119999999999,608.143,608.175
436.0,1744.0,607.201,608.302,608.077,607.95,608.774,610.352,608.294,608.457,609.714,607.933,608.393,608.587,610.738,607.816,608.722,607.422,608.457,607.609,608.127,608.0930000000001,608.524,607.744,608.1080000000001,607.812,608.133,606.839,607.886,608.987,609.508,609.206,607.52,608.778,608.531,608.3580000000001,608.821,607.7819999999999,609.521,608.073,607.309,607.788,607.633,608.2,608.566,607.565,608.526,609.749,608.116,608.323
436.25,1745.0,607.789,607.006,608.207,607.9159999999999,608.335,609.361,608.874,608.3580000000001,609.066,607.818,607.7040000000001,607.736,609.911,607.9119999999999,608.455,608.1030000000001,608.284,607.997,608.1,607.49,608.5369999999999,607.714,608.096,608.21,608.3240000000001,607.811,608.635,609.0269999999999,609.5980000000001,608.419,608.09,609.151,608.067,607.684,609.15,608.456,609.354,608.744,607.247,607.736,608.087,608.188,607.942,607.748,608.909,609.087,608.5840000000001,607.987
436.5,1746.0,608.286,607.948,607.536,607.8480000000001,607.7919999999999,609.494,608.045,607.95,610.092,608.548,608.3290000000001,607.747,612.509,608.428,608.885,607.294,608.326,607.79,608.39,608.066,608.749,607.7919999999999,607.394,607.335,608.613,607.148,608.794,608.47,610.519,609.519,607.76,609.012,608.553,607.111,608.689,608.3380000000001,608.6419999999999,608.43,607.028,607.781,607.501,608.717,608.437,607.636,607.942,608.807,607.9069999999999,608.82
436.75,1747.0,607.82,607.825,608.577,607.687,608.33,609.821,608.615,608.114,609.51,607.726,607.6619999999999,608.87,610.658,608.846,608.862,607.962,608.091,607.876,608.344,607.566,608.7180000000001,607.7819999999999,608.508,608.479,608.196,607.8240000000001,608.311,607.994,609.866,608.224,607.265,609.318,607.976,607.837,608.788,608.023,609.097,608.156,607.52,607.367,607.61,608.6080000000001,608.4630000000001,607.886,608.086,609.387,607.865,608.5419999999999
437.0,1748.0,608.129,608.2959999999999,608.4490000000001,608.299,609.221,610.193,607.705,607.97,609.53,607.937,607.731,607.7,610.0930000000001,608.825,609.335,608.196,607.702,607.868,607.965,607.131,607.8969999999999,607.44,607.855,608.727,608.924,607.599,608.207,608.715,609.5930000000001,608.835,607.376,610.7330000000001,608.4019999999999,608.664,609.649,608.011,608.2130000000001,608.867,607.302,607.783,607.896,608.212,608.441,608.238,608.528,609.507,608.736,608.494
437.25,1749.0,608.16,608.105,608.252,608.37,608.311,610.134,608.217,608.558,609.488,608.54,608.3,607.691,610.203,608.927,608.07,608.008,608.057,607.696,608.376,607.341,607.74,607.535,607.996,607.4159999999999,608.319,607.581,608.182,607.294,610.512,608.633,607.6419999999999,608.875,608.999,607.643,609.058,607.553,608.751,608.279,607.757,607.565,607.485,607.871,607.7230000000001,608.235,608.344,608.271,607.206,608.953
437.5,1750.0,608.104,608.377,608.322,607.648,608.153,609.558,608.18,608.372,609.665,607.783,607.635,608.411,610.4019999999999,608.775,608.898,607.114,608.507,607.975,608.69,607.561,609.1419999999999,607.178,607.882,607.403,608.004,608.13,608.154,609.482,609.548,608.615,607.543,608.706,608.255,608.053,609.009,608.2040000000001,608.487,608.501,607.703,607.434,608.305,607.497,608.441,607.799,608.121,609.511,608.158,609.377
437.75,1751.0,607.863,608.259,609.239,608.1,608.499,609.68,607.575,608.198,610.216,608.323,608.178,608.439,610.118,608.375,608.422,608.169,608.031,607.8290000000001,608.696,607.276,608.217,607.004,608.257,608.395,608.929,607.229,608.9490000000001,609.184,610.447,608.842,608.1519999999999,609.773,608.386,607.7180000000001,608.212,607.854,609.126,608.271,607.035,607.482,608.119,607.629,607.943,606.769,608.2919999999999,608.62,608.19,608.5369999999999
438.0,1752.0,608.618,607.908,608.506,607.376,609.151,610.24,607.873,607.827,608.896,607.693,607.92,608.849,609.381,608.951,608.33,608.4209999999999,608.345,608.756,607.99,607.632,609.771,607.899,608.578,607.52,608.451,607.6519999999999,608.019,609.894,609.607,609.102,607.778,608.889,607.3240000000001,608.751,608.604,607.977,608.826,608.918,607.4580000000001,607.492,607.5369999999999,607.534,607.99,607.619,608.1659999999999,608.368,608.2040000000001,608.5740000000001
438.25,1753.0,608.465,608.0509999999999,609.398,607.6759999999999,608.2869999999999,609.685,607.927,608.689,608.7,608.186,607.489,608.379,609.491,608.977,608.26,608.12,608.1759999999999,607.76,608.57,607.539,608.786,608.007,608.126,607.887,608.778,608.8580000000001,608.0409999999999,608.726,609.337,608.99,608.215,608.798,608.1419999999999,607.842,608.98,607.8340000000001,610.3,608.703,607.424,607.946,608.1080000000001,608.009,608.347,608.0459999999999,607.999,609.389,608.341,608.628
438.5,1754.0,608.6030000000001,607.7180000000001,609.03,608.001,608.56,609.741,607.847,608.585,608.332,608.092,607.706,608.472,610.09,609.519,607.934,608.211,607.383,608.331,608.8919999999999,607.302,608.23,607.7040000000001,608.328,608.187,609.15,608.225,607.626,609.289,610.154,608.5,607.393,609.5319999999999,608.161,608.316,609.336,608.089,609.663,609.257,606.784,607.601,607.8330000000001,607.947,607.743,608.168,608.317,609.365,607.778,608.9119999999999
438.75,1755.0,608.05,607.932,609.144,607.7080000000001,608.866,610.383,608.057,608.678,609.452,607.37,607.552,607.313,608.896,609.177,608.072,608.184,607.781,607.875,608.127,607.8009999999999,609.1080000000001,607.847,607.554,608.22,609.006,607.7180000000001,608.124,609.476,609.697,609.356,607.529,609.567,608.668,608.0830000000001,608.766,608.253,609.942,608.841,607.4730000000001,607.605,607.813,608.175,608.321,607.938,608.304,608.691,608.867,609.306
439.0,1756.0,608.215,608.587,608.5980000000001,608.091,609.035,609.903,607.668,608.369,609.5830000000001,608.066,607.633,608.5409999999999,609.766,608.835,608.487,608.5930000000001,608.0980000000001,607.529,607.929,607.582,608.466,608.126,608.814,608.369,609.735,607.599,607.794,609.6569999999999,609.863,608.4540000000001,607.577,609.274,608.864,608.2719999999999,609.0219999999999,607.236,609.054,607.813,607.768,607.457,607.385,607.387,608.139,608.242,607.661,609.6990000000001,608.508,608.55
439.25,1757.0,607.846,607.984,608.748,607.553,608.734,609.866,607.884,608.303,608.631,607.501,607.972,608.543,609.441,608.771,608.359,607.757,608.255,608.131,608.273,607.749,607.7280000000001,607.656,607.905,608.326,608.367,607.445,608.243,608.7040000000001,609.653,608.314,608.033,609.601,607.969,608.034,610.241,607.705,608.9119999999999,608.818,607.087,607.539,608.387,607.547,607.964,607.9069999999999,607.788,608.45,608.599,608.8
439.5,1758.0,608.264,608.27,608.653,607.538,608.312,609.6030000000001,608.278,608.4590000000001,609.9119999999999,608.217,607.649,608.102,608.71,609.471,608.507,608.456,607.974,608.668,608.32,608.131,608.252,607.606,608.443,607.817,609.0319999999999,607.414,608.0790000000001,609.585,609.0319999999999,608.248,607.826,608.788,608.52,608.2,609.78,608.49,608.874,608.456,607.35,608.054,606.578,607.929,608.697,607.508,608.156,608.2090000000001,608.129,608.817
439.75,1759.0,608.724,607.4780000000001,608.521,607.681,609.068,609.56,608.089,608.984,608.7919999999999,608.54,607.68,608.286,609.554,608.524,608.466,608.234,608.786,607.33,608.5,606.927,608.012,607.822,608.347,608.1759999999999,609.415,608.214,607.5509999999999,608.727,609.47,608.136,607.731,608.69,607.775,607.8430000000001,609.919,607.764,609.39,608.1080000000001,607.712,607.616,607.221,608.261,608.1,607.835,608.212,608.88,609.099,608.638
440.0,1760.0,609.024,607.998,608.6030000000001,607.68,609.34,609.219,608.0980000000001,608.655,609.385,608.669,608.447,608.714,608.828,609.342,608.309,608.93,607.067,607.453,609.1469999999999,607.2909999999999,607.819,607.8340000000001,607.729,608.146,610.683,607.557,607.922,609.591,609.6080000000001,609.259,607.626,609.094,608.617,608.0219999999999,609.145,607.97,609.1419999999999,609.008,607.403,608.0319999999999,608.283,607.413,607.44,607.697,608.188,608.365,608.1080000000001,609.014
440.25,1761.0,609.159,608.3380000000001,608.554,608.16,609.751,609.375,607.941,608.455,608.989,608.253,607.7959999999999,608.138,609.493,608.645,608.311,608.3580000000001,607.717,607.622,608.837,607.3430000000001,608.92,607.6569999999999,607.6419999999999,608.928,609.274,607.7919999999999,607.96,609.316,609.592,608.618,607.257,608.948,608.502,608.168,609.842,607.846,609.168,607.668,607.9780000000001,607.879,607.492,608.943,608.367,607.7719999999999,608.1569999999999,608.424,608.716,608.741
440.5,1762.0,609.434,608.182,609.001,607.529,609.539,609.3330000000001,607.976,608.471,609.251,608.087,608.7959999999999,608.688,608.442,609.063,608.58,608.231,607.332,607.697,608.4580000000001,607.401,608.438,608.0509999999999,608.018,607.499,609.476,607.135,608.61,608.7769999999999,609.4119999999999,608.2180000000001,607.203,609.03,608.808,608.031,609.28,608.624,608.4830000000001,608.591,607.569,607.241,608.173,607.342,607.487,607.5459999999999,607.639,608.154,608.2819999999999,609.2280000000001
440.75,1763.0,608.8290000000001,608.577,609.319,607.563,608.534,609.868,608.797,608.45,609.123,608.135,607.942,608.085,608.289,608.432,608.817,608.525,608.313,607.1659999999999,608.125,607.941,608.373,608.242,608.405,608.424,609.566,607.661,608.637,609.9540000000001,609.423,608.811,608.004,609.65,608.048,608.317,609.411,608.536,609.815,608.563,607.235,607.811,607.901,608.124,608.467,607.7719999999999,607.702,608.971,608.745,608.389
441.0,1764.0,608.674,608.227,609.745,608.0830000000001,609.304,609.768,609.154,608.375,609.741,607.867,608.306,607.851,609.786,608.184,608.32,608.205,608.251,607.891,608.972,607.215,608.2819999999999,607.596,608.054,607.828,608.951,607.971,608.755,609.335,609.153,608.86,606.918,609.184,608.328,608.389,609.488,607.9680000000001,608.999,608.002,607.185,607.938,608.02,607.394,607.472,607.589,608.274,608.386,608.456,609.133
441.25,1765.0,608.46,608.086,609.094,607.9590000000001,609.534,609.854,608.63,608.6519999999999,608.923,607.693,607.97,609.198,609.6669999999999,608.644,608.496,607.909,607.947,607.11,608.562,607.315,609.197,608.515,607.771,608.178,609.232,608.04,608.19,608.774,608.825,608.2180000000001,607.992,609.1659999999999,608.607,607.748,609.8480000000001,607.9780000000001,609.531,608.1669999999999,606.99,607.86,608.0509999999999,607.842,607.821,610.057,608.366,608.309,609.467,608.905
441.5,1766.0,609.006,608.048,609.957,608.08,609.2040000000001,609.029,608.401,609.099,608.72,607.849,607.344,608.3290000000001,608.623,608.967,608.769,608.622,607.764,607.85,608.64,607.672,607.931,608.482,607.808,608.244,608.888,607.9209999999999,608.2719999999999,608.639,609.039,608.779,607.371,608.986,607.9,607.717,609.341,607.729,608.035,608.156,607.577,607.75,607.675,607.475,607.41,608.219,607.763,608.427,609.13,609.068
441.75,1767.0,609.408,608.771,608.759,607.323,608.9259999999999,609.311,608.299,608.128,608.558,607.447,607.905,607.705,608.382,608.425,608.696,608.575,607.827,607.707,609.226,607.6659999999999,608.9169999999999,608.174,608.815,608.2,609.7959999999999,606.937,607.867,608.622,609.4780000000001,608.424,607.746,608.962,608.877,607.874,609.606,607.977,609.049,608.096,607.303,608.3480000000001,607.888,607.507,607.876,608.055,608.247,608.673,608.665,609.18
442.0,1768.0,608.425,608.174,609.364,608.043,609.472,609.294,608.509,608.485,609.4169999999999,607.486,607.641,607.87,608.521,608.141,608.1469999999999,608.354,608.2130000000001,607.559,608.1619999999999,607.25,608.922,607.636,607.706,608.184,609.011,607.225,608.163,608.636,609.135,608.794,606.909,609.3009999999999,608.033,607.313,609.862,608.286,608.832,608.862,606.91,607.654,608.297,607.536,608.618,607.911,608.36,608.724,609.082,608.587
442.25,1769.0,608.906,607.9490000000001,609.335,607.576,609.016,608.754,608.378,609.116,609.149,607.717,607.9630000000001,608.043,608.028,608.29,608.08,608.996,608.43,607.832,608.703,607.739,609.122,608.105,607.7040000000001,608.105,608.734,608.507,608.24,608.769,609.4540000000001,608.472,607.64,609.061,608.092,607.092,609.322,607.818,608.377,608.339,607.141,607.86,607.658,607.846,608.039,607.466,607.1469999999999,607.8480000000001,608.347,608.866
442.5,1770.0,608.0509999999999,608.935,608.5880000000001,607.62,609.067,609.794,608.62,608.735,609.082,607.913,607.802,608.11,608.325,607.298,608.935,609.212,607.75,607.775,609.294,607.561,607.866,608.109,607.605,607.812,608.61,607.741,608.9580000000001,609.1,608.289,608.669,607.445,608.957,608.617,607.572,608.9069999999999,607.895,607.866,608.438,607.273,608.352,607.789,608.143,607.711,607.081,608.212,608.341,608.045,608.25
442.75,1771.0,608.799,607.499,608.866,607.512,609.5980000000001,608.979,607.9119999999999,609.115,609.123,608.49,608.049,607.901,608.118,609.077,608.611,608.351,608.061,607.268,608.665,607.868,609.35,608.17,608.094,608.339,608.825,607.592,607.719,609.5169999999999,608.69,608.019,607.4730000000001,608.163,607.889,607.784,609.012,608.075,608.97,608.419,607.1759999999999,608.4630000000001,607.7909999999999,607.8969999999999,607.288,607.4159999999999,608.107,607.876,608.778,608.455
443.0,1772.0,608.451,607.544,609.081,607.94,608.809,608.565,608.826,608.063,609.401,607.879,608.073,608.4580000000001,608.1759999999999,609.052,609.0409999999999,608.302,607.65,607.51,609.262,607.2719999999999,608.554,608.447,607.697,607.934,608.117,607.857,608.305,609.6419999999999,609.439,608.418,608.099,608.852,608.564,607.98,609.944,608.254,608.9019999999999,607.872,607.23,607.785,607.72,608.298,607.857,607.054,607.726,607.9540000000001,607.79,608.717
443.25,1773.0,608.943,607.987,609.016,607.9259999999999,608.8969999999999,608.72,609.124,608.1419999999999,608.444,607.525,607.947,608.331,608.557,607.8580000000001,608.952,608.856,607.905,607.4680000000001,608.605,607.612,608.4169999999999,608.076,608.3919999999999,608.286,608.585,607.254,607.948,609.187,609.779,608.244,607.878,609.055,608.755,607.942,608.752,608.239,608.887,608.631,607.159,608.137,607.932,608.043,608.0169999999999,607.07,608.045,608.378,607.87,608.451
443.5,1774.0,608.97,607.886,608.577,607.4,608.798,608.633,608.168,608.742,608.816,607.661,608.158,608.464,608.576,608.504,608.339,608.724,607.776,607.832,608.419,608.087,608.922,607.35,608.101,607.314,609.1990000000001,607.649,608.285,608.993,609.828,608.743,607.538,609.122,608.623,607.956,609.575,607.668,608.629,608.03,607.028,607.971,607.1709999999999,607.255,607.5369999999999,608.1030000000001,608.278,608.625,607.384,608.101
443.75,1775.0,608.745,608.389,608.665,608.2180000000001,608.523,608.592,607.802,608.732,608.633,606.8580000000001,607.776,608.651,609.21,607.898,608.456,608.518,607.807,607.506,608.734,607.6469999999999,608.232,607.779,608.251,608.413,608.133,607.2669999999999,607.918,608.335,609.3969999999999,608.413,608.17,609.206,608.3480000000001,608.134,609.012,608.036,609.1,608.4259999999999,607.944,608.149,607.83,607.668,607.925,608.023,608.285,608.256,608.519,607.964
444.0,1776.0,608.482,608.321,608.712,607.994,608.684,608.45,608.239,609.382,608.928,607.881,607.82,607.862,608.4680000000001,608.206,608.554,608.632,607.505,607.533,608.7819999999999,607.471,608.548,608.013,607.137,608.332,608.947,608.138,608.16,609.48,610.523,608.34,608.33,608.052,608.915,607.624,609.938,607.564,609.345,608.23,607.053,607.8969999999999,608.4580000000001,607.273,608.365,607.841,608.294,608.7180000000001,608.508,608.273
444.25,1777.0,608.714,608.5509999999999,609.239,607.485,608.437,609.755,608.145,608.39,608.457,607.714,608.719,607.986,608.327,608.101,608.989,608.998,608.408,607.836,608.937,608.536,608.194,607.602,608.24,608.268,608.788,608.261,607.981,608.1990000000001,610.3,608.752,608.1030000000001,608.441,609.095,607.783,609.247,608.28,609.252,608.295,607.611,608.036,607.5790000000001,608.548,608.674,607.981,608.014,607.779,608.739,608.778
444.5,1778.0,608.837,608.756,608.7919999999999,606.927,608.512,608.955,608.809,608.637,609.341,607.396,607.769,608.311,608.13,607.922,609.0319999999999,608.08,607.8430000000001,607.827,607.938,608.1030000000001,608.35,607.923,607.474,608.434,609.639,607.999,608.706,609.632,610.149,608.1030000000001,607.2040000000001,608.0830000000001,608.826,607.87,609.161,608.3430000000001,609.5930000000001,607.919,607.0169999999999,608.6080000000001,607.437,608.25,608.095,607.14,608.369,607.827,608.964,607.773
444.75,1779.0,608.658,608.482,609.521,607.744,609.448,609.036,607.927,608.775,608.4780000000001,607.087,607.821,608.773,609.053,607.455,608.4490000000001,609.196,607.99,608.0409999999999,609.232,607.594,608.472,607.9169999999999,607.321,608.1569999999999,608.313,608.0830000000001,608.553,609.305,610.5980000000001,608.578,608.02,608.251,609.371,608.0409999999999,608.7,608.203,609.113,607.531,607.9830000000001,608.6990000000001,608.258,607.62,607.721,607.79,608.359,608.7230000000001,609.8240000000001,607.817
445.0,1780.0,609.066,608.976,609.387,607.28,607.979,609.351,607.679,608.581,608.9580000000001,607.413,608.316,608.509,608.123,608.52,608.472,609.25,608.009,607.4159999999999,608.02,608.618,608.436,607.92,607.654,607.6519999999999,608.181,608.781,608.891,609.149,610.575,608.637,607.844,608.654,608.624,607.5219999999999,609.428,608.6759999999999,609.225,608.289,607.2719999999999,608.3919999999999,607.839,608.004,607.999,607.159,607.828,607.766,608.071,607.415
445.25,1781.0,609.244,608.387,609.008,607.985,608.842,608.413,608.467,608.429,609.0419999999999,608.029,608.165,608.464,609.201,607.73,608.283,608.553,608.484,607.705,608.8290000000001,608.126,608.621,607.967,607.774,608.502,608.283,607.691,608.555,608.795,610.729,608.432,607.992,608.312,608.609,607.56,608.207,608.404,609.173,607.842,607.759,608.937,607.9119999999999,608.139,607.7040000000001,606.986,608.025,607.519,608.692,607.806
445.5,1782.0,609.2,607.823,609.339,607.685,607.936,609.0169999999999,608.08,608.643,608.96,608.216,607.605,608.2719999999999,608.302,608.259,608.4540000000001,608.1080000000001,608.297,607.993,609.072,607.515,608.352,607.738,608.049,608.381,609.184,607.675,608.515,608.86,611.026,608.765,608.5980000000001,608.429,608.711,608.58,608.429,607.693,608.929,607.918,606.41,608.941,608.5459999999999,608.092,607.67,607.865,607.931,607.937,609.313,608.055
445.75,1783.0,609.516,608.516,608.763,608.331,608.5790000000001,608.312,608.456,608.106,609.086,608.299,607.8580000000001,607.761,609.015,608.303,608.001,608.612,607.85,607.771,608.7959999999999,608.025,609.045,607.479,607.821,608.611,608.922,608.611,608.2280000000001,608.797,610.8919999999999,608.2130000000001,607.7,608.561,608.4069999999999,608.354,608.7330000000001,607.7230000000001,608.942,608.254,607.687,608.3380000000001,608.755,608.153,607.585,607.651,608.3580000000001,607.743,608.813,608.346
446.0,1784.0,608.817,608.934,608.646,608.07,608.2869999999999,608.756,608.51,608.239,609.585,607.794,607.913,608.621,608.724,608.4259999999999,608.257,608.4019999999999,607.496,607.432,608.607,608.386,608.5419999999999,607.914,608.035,608.008,608.641,608.295,607.6669999999999,609.283,610.6,607.9730000000001,607.979,607.957,609.2919999999999,607.422,609.018,607.711,608.76,608.118,607.442,609.245,607.4490000000001,608.5409999999999,608.045,608.2819999999999,607.755,607.794,608.9169999999999,607.715
446.25,1785.0,608.9630000000001,608.61,608.95,607.769,609.241,608.323,608.555,608.009,608.707,607.964,608.279,608.44,608.5319999999999,608.553,608.976,608.967,608.222,607.464,608.722,608.115,608.431,607.95,607.554,607.295,609.0840000000001,607.661,608.116,608.4490000000001,610.489,607.481,608.082,608.4580000000001,609.309,607.5740000000001,609.107,608.0980000000001,608.753,607.889,607.341,608.911,607.8240000000001,607.9830000000001,608.248,607.962,607.789,608.385,608.7230000000001,607.16
446.5,1786.0,609.721,608.805,609.133,608.26,608.075,608.744,608.406,608.201,609.4490000000001,608.205,608.839,607.844,608.745,607.826,608.435,608.216,608.014,608.154,609.178,608.9830000000001,607.56,607.919,608.54,607.577,608.388,607.901,608.5369999999999,608.888,610.9159999999999,608.519,608.137,608.428,608.898,607.825,608.555,607.6569999999999,609.3290000000001,607.562,607.94,609.034,608.0269999999999,608.635,607.6419999999999,607.6709999999999,608.616,608.462,608.752,608.2669999999999
446.75,1787.0,608.764,608.51,609.0,608.008,608.158,608.651,608.826,608.395,608.194,608.174,607.7,608.896,608.189,608.155,608.323,608.375,608.585,608.092,608.809,608.258,608.773,607.8290000000001,607.882,608.521,608.895,607.881,608.9209999999999,608.69,612.205,608.682,607.8480000000001,608.0740000000001,609.693,607.7719999999999,608.139,608.201,609.342,608.0980000000001,607.271,608.798,608.246,607.778,607.612,607.6030000000001,608.07,609.043,608.857,608.0980000000001
447.0,1788.0,609.3340000000001,608.938,609.2080000000001,608.034,608.738,608.941,608.7230000000001,608.243,609.105,607.971,607.464,608.3340000000001,608.8969999999999,607.462,608.341,608.023,608.4019999999999,607.6080000000001,608.048,608.383,609.269,608.0,607.8430000000001,608.622,608.506,607.855,607.781,608.703,610.931,608.467,607.403,609.224,609.441,607.315,608.314,607.656,609.057,607.755,608.237,609.906,608.047,607.4209999999999,608.153,607.905,608.015,607.415,609.04,608.482
447.25,1789.0,608.486,609.1419999999999,609.289,607.7330000000001,608.6080000000001,608.495,607.8,608.66,608.817,608.297,608.189,608.294,609.4209999999999,608.977,608.279,608.183,608.644,607.904,608.5830000000001,608.599,608.5369999999999,607.586,608.236,607.923,608.665,608.068,608.273,609.247,611.226,608.231,608.336,608.436,609.0980000000001,608.1669999999999,608.669,607.913,609.12,608.304,607.789,609.1619999999999,608.8,608.053,608.009,607.0509999999999,608.464,608.697,609.7909999999999,608.256
447.5,1790.0,609.219,608.286,609.132,607.746,608.939,608.305,608.359,608.7909999999999,609.052,608.255,608.6759999999999,608.381,609.067,608.896,608.3919999999999,608.131,608.762,607.757,608.886,608.96,608.518,607.636,609.137,608.4830000000001,608.21,608.802,609.516,609.255,610.909,608.286,607.988,608.751,608.9730000000001,606.925,608.0319999999999,608.303,608.401,608.249,607.304,608.95,607.732,607.934,608.2819999999999,607.9830000000001,608.3240000000001,607.8240000000001,608.715,607.893
447.75,1791.0,608.909,608.457,609.004,608.224,608.125,608.937,607.606,608.511,607.827,608.344,608.439,608.003,609.273,607.741,608.4540000000001,608.679,608.241,608.856,608.249,608.898,607.654,607.065,607.766,607.656,608.202,608.004,608.8969999999999,608.815,611.1669999999999,608.193,608.061,608.295,608.521,607.751,608.474,607.9590000000001,608.9630000000001,607.558,607.063,609.27,607.915,607.861,607.259,607.811,608.1080000000001,607.98,609.443,607.96
448.0,1792.0,609.469,607.856,609.247,607.995,609.109,609.133,608.04,608.27,608.497,608.641,608.308,607.953,608.47,608.319,607.7080000000001,608.127,608.062,608.163,608.435,609.049,608.5840000000001,607.275,607.7959999999999,608.087,608.457,607.936,608.519,608.429,610.701,608.6669999999999,608.249,607.976,608.906,607.854,609.844,608.123,609.344,608.939,607.298,609.224,608.77,607.827,607.741,607.009,607.935,608.545,609.117,608.42
448.25,1793.0,609.378,608.861,608.602,608.0409999999999,608.586,608.585,608.672,608.687,608.962,607.252,609.21,608.061,608.1519999999999,607.86,608.1030000000001,607.63,608.457,607.03,608.428,609.086,608.337,608.345,,609.467,608.474,608.1759999999999,608.57,608.2330000000001,610.99,608.309,607.852,608.255,608.714,608.019,608.311,607.992,608.925,607.911,608.145,608.519,608.047,607.739,607.9490000000001,607.435,607.864,607.751,608.996,607.694
448.5,1794.0,608.933,608.536,609.481,608.207,608.055,608.15,607.5419999999999,608.4209999999999,608.702,607.6,608.32,608.258,609.7180000000001,608.566,607.763,607.948,608.388,607.631,608.655,608.323,608.826,607.297,,608.467,608.014,608.161,608.828,608.714,611.005,608.477,608.174,607.818,608.857,608.509,608.526,608.256,608.77,608.56,607.4730000000001,608.714,608.429,608.19,608.312,607.739,609.278,607.748,609.639,607.818
448.75,1795.0,608.9019999999999,608.648,608.854,607.755,608.4069999999999,608.628,607.5169999999999,608.2080000000001,608.182,607.632,608.502,608.52,609.368,607.904,607.658,607.7919999999999,608.3580000000001,608.404,607.929,608.673,608.02,608.443,,608.3969999999999,607.764,608.632,609.1519999999999,608.422,610.798,608.781,608.045,608.39,608.489,608.165,608.307,607.891,609.063,608.456,607.641,609.741,608.26,608.779,608.001,607.557,608.072,607.977,608.5980000000001,608.0980000000001
449.0,1796.0,608.788,609.146,608.988,608.124,609.354,608.366,607.75,608.5,608.643,607.706,608.286,608.1030000000001,609.186,608.558,607.544,607.854,608.089,607.933,607.942,608.38,608.211,608.009,607.235,608.414,608.096,607.9540000000001,608.089,607.805,611.024,609.069,607.531,608.002,608.5840000000001,607.225,608.082,607.613,608.894,608.457,607.962,609.18,608.36,608.84,608.116,607.9680000000001,608.2719999999999,608.246,609.16,607.572
449.25,1797.0,609.01,608.322,609.264,608.102,608.451,608.121,607.7769999999999,608.512,608.69,607.987,607.836,608.132,608.86,608.635,608.477,608.4069999999999,607.879,607.243,608.452,608.74,608.8380000000001,607.802,608.34,608.107,608.39,607.948,608.7330000000001,608.735,610.811,609.269,608.385,609.073,609.5,607.39,608.512,608.005,608.607,608.214,608.369,608.868,608.5169999999999,608.115,608.237,607.715,607.8430000000001,608.025,608.278,607.991
449.5,1798.0,607.943,608.355,608.4,607.571,608.706,608.197,607.696,608.211,608.276,607.803,608.461,608.475,608.9159999999999,608.384,607.4209999999999,608.596,608.717,608.3380000000001,608.805,608.544,608.447,607.805,607.96,608.411,608.073,607.8340000000001,608.555,608.309,611.001,609.375,608.047,607.521,608.664,607.633,608.596,607.997,609.311,607.734,608.3380000000001,609.073,608.281,607.802,608.619,607.6990000000001,607.993,607.739,608.06,608.4680000000001
449.75,1799.0,608.388,608.6709999999999,608.623,608.266,607.871,608.443,607.539,608.326,608.712,607.633,608.105,609.201,607.879,608.201,608.364,608.085,608.504,608.0319999999999,609.212,608.318,608.065,607.576,608.092,608.763,608.05,608.5880000000001,608.572,608.21,611.125,609.306,608.1519999999999,608.3240000000001,609.164,607.854,608.374,607.7819999999999,609.058,608.193,607.994,609.445,608.1469999999999,607.8919999999999,606.811,608.253,607.995,607.612,608.868,607.681
450.0,1800.0,608.885,608.802,608.275,608.779,608.237,608.497,608.026,607.867,607.898,608.299,608.477,608.368,608.781,608.356,607.903,607.937,608.4590000000001,608.089,608.57,607.886,608.391,607.539,607.977,608.6080000000001,608.089,607.8430000000001,609.0980000000001,608.034,610.293,609.493,608.085,607.768,609.244,608.009,607.798,608.382,609.321,607.873,607.543,609.161,607.686,608.0369999999999,608.153,607.6030000000001,608.609,607.842,608.114,608.502
450.25,1801.0,609.169,608.55,608.864,607.852,608.586,608.706,607.076,607.867,607.835,607.836,608.133,608.558,608.839,608.177,608.026,607.221,608.5880000000001,607.735,608.687,608.276,607.585,607.817,608.311,608.616,608.561,608.303,608.754,608.43,610.256,608.644,608.43,607.95,609.317,607.869,608.327,607.7,608.164,607.661,607.697,608.514,608.498,607.876,608.206,608.224,608.283,608.289,608.575,608.366
450.5,1802.0,608.494,608.312,609.143,608.321,608.893,608.952,608.071,608.684,608.299,608.383,608.082,609.263,609.4019999999999,608.375,608.158,607.901,608.304,608.607,608.403,608.24,608.308,607.6990000000001,607.952,608.411,608.0419999999999,608.367,608.811,608.294,611.196,609.11,608.445,607.7769999999999,608.9590000000001,608.672,608.371,607.826,608.752,607.908,606.945,608.637,608.442,608.263,607.804,608.427,608.677,608.784,608.644,608.129
450.75,1803.0,608.465,608.235,608.952,608.2180000000001,608.4630000000001,608.683,607.938,607.6569999999999,608.242,608.629,608.3009999999999,608.441,608.273,608.013,609.031,607.553,608.169,608.599,608.049,608.0509999999999,608.275,607.056,607.857,607.73,608.15,608.538,608.6709999999999,608.253,611.7869999999999,609.14,608.011,608.361,609.125,608.4119999999999,607.4259999999999,607.535,608.028,608.002,607.702,609.264,608.1669999999999,608.563,,607.969,608.045,608.178,608.628,607.953
451.0,1804.0,608.822,607.769,608.545,608.423,608.635,608.021,608.424,608.212,608.0840000000001,608.675,608.891,609.319,608.491,607.764,608.3,607.882,608.649,607.79,607.747,608.757,608.269,607.241,607.7280000000001,608.2280000000001,608.3919999999999,608.653,609.1080000000001,609.513,610.823,608.749,608.383,608.033,608.695,607.675,608.632,607.466,608.802,607.595,608.387,609.067,608.0830000000001,608.63,,608.003,608.4780000000001,608.1569999999999,608.847,608.35
451.25,1805.0,608.413,608.516,608.341,607.502,608.59,607.943,607.605,608.2130000000001,608.383,608.271,609.185,608.714,609.232,607.595,608.434,607.844,608.919,607.742,607.837,608.308,608.398,607.851,608.1669999999999,608.645,608.202,608.524,608.783,609.154,610.2330000000001,609.159,607.5459999999999,607.362,608.406,608.365,608.1519999999999,607.913,608.814,607.719,607.682,609.9730000000001,607.675,608.352,,607.9259999999999,608.0790000000001,608.383,609.102,607.811
451.5,1806.0,608.962,608.127,608.937,607.612,608.035,608.575,607.415,607.955,607.755,608.686,608.668,609.145,608.2959999999999,607.9259999999999,607.737,608.127,609.76,607.761,608.367,608.0930000000001,609.113,607.5269999999999,611.014,607.645,608.6990000000001,608.4259999999999,609.363,608.711,610.7280000000001,609.168,608.418,607.503,609.071,607.1619999999999,608.7669999999999,607.364,608.337,608.251,608.134,607.994,608.219,607.518,,608.002,608.831,609.163,608.5790000000001,608.705
451.75,1807.0,608.6709999999999,607.97,608.39,608.7,608.947,608.534,607.331,608.0459999999999,609.0369999999999,607.716,608.461,608.519,609.514,608.2180000000001,607.977,608.525,609.198,607.837,607.757,608.487,608.7869999999999,607.874,608.36,609.013,607.371,607.849,608.967,608.918,611.0930000000001,608.56,608.0369999999999,607.2869999999999,609.02,607.847,608.793,608.382,607.852,607.505,608.201,609.841,608.3530000000001,608.491,,608.018,609.1659999999999,608.028,608.437,608.4259999999999
452.0,1808.0,608.736,607.828,608.061,608.6709999999999,608.482,608.423,608.307,608.337,608.239,608.364,608.053,608.316,609.123,607.364,608.815,608.384,609.3330000000001,608.34,607.816,608.5840000000001,608.049,607.898,607.5269999999999,607.915,608.587,608.29,609.077,609.25,611.1619999999999,607.847,608.876,607.974,609.312,607.498,607.621,608.724,608.5840000000001,608.265,607.938,608.443,608.357,608.102,,607.937,608.592,608.141,608.842,607.741
452.25,1809.0,609.112,607.903,608.3330000000001,610.743,608.681,608.306,607.762,608.008,608.431,608.651,608.359,608.435,608.566,607.7090000000001,608.731,607.809,608.7090000000001,607.646,607.6519999999999,608.036,608.735,607.78,608.207,608.0880000000001,608.616,608.4,609.021,609.0369999999999,612.198,608.795,608.967,607.13,609.702,608.013,608.6419999999999,608.082,608.859,607.794,608.007,608.817,607.75,608.6519999999999,,607.8,608.864,608.298,608.803,608.411
452.5,1810.0,609.0840000000001,608.467,608.052,608.092,608.5740000000001,608.852,608.005,608.153,608.116,607.901,608.4540000000001,608.239,608.524,608.089,608.374,608.229,608.028,608.572,608.405,607.415,608.2959999999999,607.803,607.462,608.315,607.636,607.731,609.44,609.575,611.665,608.871,609.09,607.611,609.134,608.149,607.944,607.951,608.32,607.878,607.9,608.4019999999999,608.4680000000001,608.596,,607.578,608.35,608.24,608.706,608.33
452.75,1811.0,609.143,608.303,608.34,607.876,608.577,608.465,607.365,608.525,608.361,608.068,609.779,608.2909999999999,609.617,608.3009999999999,608.2959999999999,608.0319999999999,609.769,607.898,607.738,608.526,608.966,607.43,608.289,608.3969999999999,607.685,608.813,609.644,609.883,611.939,608.306,608.631,608.57,609.628,607.369,608.786,608.321,607.97,607.9590000000001,608.01,608.913,607.979,608.435,,608.003,608.812,608.729,608.564,609.224
453.0,1812.0,608.4590000000001,608.7669999999999,608.4780000000001,609.062,608.281,608.597,608.472,609.036,608.414,607.789,608.9730000000001,608.674,608.636,607.682,608.214,608.403,609.46,607.453,607.7230000000001,608.069,608.769,608.128,607.871,607.972,607.837,608.055,609.501,609.381,611.999,608.4209999999999,609.119,607.654,608.9259999999999,608.019,607.7669999999999,608.49,608.742,608.106,607.683,608.623,607.823,608.523,,608.112,608.456,607.826,608.211,607.948
453.25,1813.0,609.325,607.632,607.7280000000001,608.624,608.345,607.8480000000001,608.0169999999999,608.231,608.7230000000001,607.828,609.012,608.806,609.439,607.132,608.544,607.257,609.8380000000001,607.33,608.0980000000001,608.001,608.4630000000001,607.89,608.637,608.191,607.867,607.914,609.118,609.614,612.317,607.9590000000001,608.317,607.726,610.0509999999999,608.238,608.687,608.404,608.231,608.753,608.43,608.739,607.523,609.076,607.681,607.964,609.0,608.636,608.5319999999999,608.6030000000001
453.5,1814.0,609.165,607.91,608.406,608.724,608.057,608.758,607.3380000000001,608.198,608.254,607.8340000000001,608.998,608.531,608.498,606.4,607.706,608.484,609.634,608.1030000000001,607.425,608.442,608.9209999999999,608.544,607.934,608.349,607.752,608.04,609.5319999999999,609.821,611.7769999999999,607.996,608.435,607.366,609.764,608.298,608.221,607.24,608.231,608.114,608.102,608.374,608.302,608.406,607.7280000000001,607.842,608.722,608.349,608.423,608.4540000000001
453.75,1815.0,608.611,608.5840000000001,607.8480000000001,608.0459999999999,607.555,608.757,608.1080000000001,608.09,608.366,607.729,609.3480000000001,608.341,608.624,607.697,608.721,607.754,609.293,608.203,608.222,607.452,608.774,608.225,608.474,608.239,607.697,607.908,609.5169999999999,609.991,611.849,608.725,608.259,607.246,610.112,608.388,609.0459999999999,608.2230000000001,607.986,607.745,607.913,608.488,608.181,608.089,607.645,607.974,609.048,609.457,608.58,608.575
454.0,1816.0,607.714,608.061,608.534,608.259,608.806,608.753,607.451,608.4590000000001,608.313,608.056,608.695,608.489,608.689,606.827,607.885,607.993,609.234,607.596,608.038,608.0319999999999,609.123,607.868,608.395,607.259,607.076,607.814,609.525,609.371,612.6569999999999,607.9730000000001,608.4490000000001,607.836,609.382,607.571,609.111,608.293,608.614,608.314,607.661,608.44,608.2280000000001,608.01,,607.015,609.363,608.725,608.151,609.0369999999999
454.25,1817.0,608.1759999999999,609.14,608.78,608.1569999999999,608.745,608.866,607.935,608.0509999999999,609.43,608.247,609.076,608.888,608.698,607.965,608.234,607.488,608.859,608.1659999999999,607.431,608.061,608.899,608.002,608.411,608.26,607.832,607.763,609.356,609.992,612.601,608.346,608.33,607.234,610.126,607.9,608.896,608.864,607.9830000000001,608.148,607.592,608.601,608.261,608.2180000000001,608.3240000000001,608.341,610.052,608.444,608.1519999999999,608.7769999999999
454.5,1818.0,608.781,608.51,608.154,607.906,608.7719999999999,608.269,608.2080000000001,608.419,609.087,608.369,608.785,608.878,608.986,607.806,608.875,607.955,609.9,608.639,608.711,607.425,608.7280000000001,607.951,608.359,607.83,608.325,607.683,608.966,610.297,613.3009999999999,608.065,607.7819999999999,607.266,609.7819999999999,607.469,609.172,608.659,608.063,608.1659999999999,607.336,607.97,608.512,608.6990000000001,608.089,607.325,608.77,608.965,608.567,608.531
454.75,1819.0,608.115,607.9730000000001,608.268,608.107,608.076,609.129,607.645,607.492,608.07,608.086,609.102,608.815,608.874,607.355,608.507,607.946,608.749,608.316,608.133,607.599,609.049,607.984,607.633,607.852,607.321,607.758,609.38,610.6419999999999,612.871,608.17,608.131,608.091,609.328,607.602,609.721,608.356,608.388,608.729,607.68,607.4730000000001,608.319,608.328,608.047,607.739,609.5980000000001,608.694,608.591,608.433
455.0,1820.0,607.948,611.626,607.9580000000001,607.644,608.248,608.521,607.901,608.422,608.351,607.572,608.781,608.996,608.844,607.5830000000001,608.047,607.659,609.379,608.357,607.5169999999999,607.545,608.953,608.303,607.9830000000001,607.956,608.35,607.419,609.44,610.856,612.405,607.8009999999999,608.54,607.393,610.2869999999999,607.376,608.934,608.864,609.124,608.61,606.649,608.227,608.2909999999999,608.268,608.264,607.5319999999999,609.095,608.655,608.631,608.721
455.25,1821.0,608.239,608.144,607.562,608.692,608.372,608.262,608.3290000000001,607.925,609.146,607.876,609.148,608.519,608.2230000000001,608.2080000000001,608.387,607.495,609.09,608.337,607.762,607.339,609.363,607.192,608.068,,608.297,606.807,609.035,610.7669999999999,612.731,608.379,608.71,607.8340000000001,609.8430000000001,607.765,609.5930000000001,608.4069999999999,608.411,607.245,607.904,608.118,608.69,608.727,608.415,607.769,608.819,609.224,608.496,608.549
455.5,1822.0,608.293,607.735,608.539,608.839,608.7280000000001,608.705,608.201,607.953,608.64,608.335,608.623,608.861,608.847,608.2669999999999,609.182,608.203,609.0740000000001,607.616,607.7080000000001,607.763,609.227,607.867,607.976,,607.895,607.938,608.864,609.802,612.611,607.477,607.614,607.68,610.34,607.776,608.91,608.2130000000001,608.521,607.804,607.774,608.05,608.325,608.105,608.154,608.2,609.182,608.34,609.081,608.806
455.75,1823.0,608.645,608.128,608.058,609.216,607.628,608.419,608.702,607.187,607.735,608.156,608.811,608.1469999999999,608.6519999999999,607.908,608.63,608.097,609.241,608.78,608.548,607.672,608.883,608.038,607.992,,608.285,607.636,609.036,610.646,612.7130000000001,608.15,608.061,608.131,609.9019999999999,607.865,608.456,608.22,608.386,607.8969999999999,607.746,607.891,608.373,608.207,607.507,607.07,608.839,608.88,608.024,609.071
456.0,1824.0,607.67,607.464,607.693,607.712,608.395,608.58,608.345,608.0880000000001,608.918,608.229,608.979,608.8380000000001,608.658,607.128,608.355,607.114,608.9590000000001,608.279,608.905,608.2080000000001,608.967,607.48,608.029,,607.797,608.198,610.049,610.4119999999999,612.58,608.0980000000001,607.745,607.556,609.9159999999999,608.179,608.5980000000001,608.873,608.538,608.607,607.832,607.9069999999999,608.182,608.698,607.1,607.456,609.165,609.0169999999999,609.236,608.714
456.25,1825.0,607.924,608.507,607.747,607.866,608.982,609.6030000000001,608.414,607.317,608.797,607.869,609.01,608.618,608.58,606.87,608.372,608.653,609.645,607.729,607.695,607.734,608.429,608.002,607.923,,608.262,607.7769999999999,609.552,610.2230000000001,612.354,607.7959999999999,607.609,607.864,609.93,608.113,609.111,607.8380000000001,608.5840000000001,607.3530000000001,607.731,607.845,608.5419999999999,608.803,608.396,607.512,608.33,609.27,608.2819999999999,608.859
456.5,1826.0,607.839,608.04,608.622,607.847,607.624,609.288,607.903,607.552,609.345,608.092,608.113,608.797,609.004,607.5369999999999,608.562,607.808,609.548,607.677,608.621,607.194,608.852,607.937,607.857,,607.7,607.586,609.756,609.592,612.591,608.244,608.45,608.1669999999999,609.7090000000001,608.181,609.106,608.38,608.306,608.684,607.585,608.268,608.254,608.467,607.569,607.928,609.081,608.714,608.6759999999999,609.065
456.75,1827.0,608.312,608.492,608.045,607.988,608.927,609.185,608.464,607.691,609.5319999999999,607.774,608.715,608.5219999999999,608.371,607.737,608.547,607.581,608.906,607.744,608.059,607.385,608.429,608.685,608.0509999999999,,607.5980000000001,607.081,609.679,610.05,612.2,608.5,607.971,607.48,609.807,607.351,609.225,608.377,608.609,608.352,607.8480000000001,607.1469999999999,608.644,608.44,607.149,607.986,608.6,,608.96,608.4490000000001
457.0,1828.0,608.2669999999999,608.701,608.972,608.15,608.274,608.404,608.555,608.735,608.523,608.248,609.3240000000001,607.439,609.2669999999999,608.015,608.4119999999999,607.4780000000001,609.25,607.783,607.623,607.035,608.81,608.29,607.8919999999999,607.942,607.822,607.253,609.323,610.339,612.805,608.03,608.749,607.749,608.883,607.986,608.756,608.226,608.757,607.513,607.02,607.469,608.589,608.736,607.586,607.613,609.164,,608.158,609.123
457.25,1829.0,608.264,607.7669999999999,608.76,608.445,608.044,609.248,608.693,607.488,608.4069999999999,608.765,608.447,608.018,609.4490000000001,607.485,608.69,607.738,608.7959999999999,608.163,608.804,607.547,608.729,608.151,608.577,607.575,608.275,607.789,609.095,610.034,612.401,608.003,607.941,607.8009999999999,609.435,607.545,609.42,607.734,608.247,608.746,607.444,607.654,608.3330000000001,607.811,607.746,606.971,608.995,,609.099,608.613
457.5,1830.0,607.725,608.673,608.774,608.437,607.96,608.861,608.05,607.556,609.363,607.57,608.448,608.475,608.29,607.952,608.814,608.1080000000001,608.118,608.086,607.821,607.145,608.85,608.753,608.0269999999999,607.596,607.758,607.9490000000001,609.132,609.786,611.7330000000001,608.962,607.6990000000001,608.092,609.626,608.239,608.57,607.879,608.305,608.309,607.7869999999999,607.773,608.179,608.12,608.078,607.173,609.601,,608.434,609.373
457.75,1831.0,608.0790000000001,608.654,608.591,607.819,608.6759999999999,609.08,607.805,607.842,609.124,607.586,608.438,607.8580000000001,609.247,608.192,608.248,607.641,609.0980000000001,608.379,608.013,608.227,608.852,608.482,608.0840000000001,607.161,608.109,607.428,609.544,609.487,612.226,608.268,608.447,607.404,609.646,606.915,608.6659999999999,608.224,608.911,608.946,607.0459999999999,608.405,608.326,608.057,,608.11,608.4209999999999,,608.915,609.7919999999999
458.0,1832.0,608.077,607.931,609.3,607.509,608.116,608.487,608.755,607.76,609.033,608.173,608.9209999999999,607.822,608.8969999999999,607.2,608.714,607.6419999999999,609.129,607.7090000000001,607.8340000000001,607.7669999999999,608.616,608.136,608.245,607.887,607.686,607.794,608.996,610.007,611.884,608.675,608.184,607.632,609.494,607.384,608.404,608.366,609.27,608.349,607.534,607.481,608.7230000000001,608.604,,607.797,608.5319999999999,,608.6569999999999,609.1569999999999
458.25,1833.0,608.237,608.116,608.891,607.992,608.8380000000001,608.945,608.105,608.413,609.505,608.136,608.82,608.429,609.763,608.737,608.789,607.895,609.567,607.9580000000001,607.775,607.984,609.071,608.01,607.617,607.94,608.7090000000001,607.675,610.496,609.32,612.3290000000001,608.427,607.957,607.992,609.141,608.007,609.207,608.211,608.851,608.284,607.245,607.26,608.318,608.345,,607.138,608.819,609.175,608.6419999999999,609.0319999999999
458.5,1834.0,608.521,608.871,609.4,607.91,608.028,608.526,608.809,608.656,608.994,608.632,608.883,608.112,609.443,607.865,608.596,608.381,608.84,607.741,608.076,607.062,608.887,608.076,608.15,607.997,608.457,607.276,608.9540000000001,609.261,611.871,608.48,608.544,607.82,608.909,607.808,608.83,607.9159999999999,608.764,608.22,607.144,608.24,608.524,608.837,608.6709999999999,607.439,608.198,608.957,608.867,608.452
458.75,1835.0,608.7819999999999,608.59,608.59,607.9,608.173,609.565,608.364,607.9830000000001,608.581,608.121,609.198,608.429,609.196,608.594,608.49,607.739,608.7130000000001,608.582,607.742,607.741,608.0840000000001,607.8530000000001,608.453,607.893,608.138,608.716,608.691,610.0269999999999,611.43,608.802,607.701,607.844,608.8969999999999,608.131,608.512,608.611,609.023,608.394,607.965,607.547,608.352,608.549,607.9490000000001,607.735,609.139,608.475,608.878,609.4780000000001
459.0,1836.0,608.284,608.27,609.349,608.19,608.121,609.189,608.191,607.677,607.9069999999999,607.297,608.9730000000001,607.564,609.769,608.808,607.86,608.29,608.591,608.712,608.068,607.0830000000001,609.2,608.2909999999999,607.765,607.942,607.9169999999999,607.379,610.378,609.472,612.227,608.7090000000001,608.813,607.927,609.869,607.64,608.9730000000001,607.86,609.4169999999999,607.746,608.544,607.131,608.3290000000001,608.499,607.232,607.674,609.059,608.789,609.394,609.578
459.25,1837.0,607.97,608.378,608.911,607.516,608.34,609.155,609.06,608.65,609.323,608.0790000000001,607.716,608.386,608.884,608.344,609.36,607.717,609.969,607.1669999999999,608.431,607.095,608.341,607.991,608.3969999999999,607.141,608.364,607.896,609.885,609.66,611.602,608.953,607.589,607.778,609.2130000000001,607.523,609.482,608.8480000000001,608.49,608.056,607.337,607.613,609.0790000000001,607.8480000000001,608.121,607.534,608.5740000000001,608.2040000000001,608.8290000000001,609.365
459.5,1838.0,608.544,608.48,609.627,608.698,607.906,609.188,608.698,608.262,608.823,608.439,608.058,608.012,609.251,608.158,608.2040000000001,607.78,608.66,607.736,607.682,607.645,608.123,607.0409999999999,608.237,608.399,608.352,606.609,609.374,609.653,611.706,608.761,607.851,607.2769999999999,608.5269999999999,607.567,608.9780000000001,607.552,608.75,608.356,607.773,607.684,608.385,608.573,607.73,607.489,609.257,609.185,609.09,609.609
459.75,1839.0,608.278,608.251,609.202,607.821,609.448,609.058,608.359,608.311,608.898,608.053,608.919,607.97,609.57,608.531,609.136,607.2869999999999,609.187,607.802,608.557,607.0419999999999,608.7819999999999,607.436,608.57,607.781,608.686,607.207,609.117,609.612,610.446,608.36,608.323,608.49,609.07,607.9,608.346,608.0509999999999,607.822,607.99,607.879,607.326,608.57,608.9630000000001,608.341,606.987,608.854,608.5409999999999,608.239,609.819
460.0,1840.0,607.4590000000001,608.455,609.415,608.003,608.702,609.618,608.201,607.654,608.952,607.893,608.388,608.007,609.4,608.1,608.669,607.952,609.06,607.156,608.007,607.319,608.744,608.1,608.799,607.4490000000001,608.513,607.628,609.9259999999999,609.4680000000001,611.3969999999999,608.062,608.229,607.637,608.64,607.383,609.413,607.638,608.7,608.408,607.514,607.23,608.023,607.914,607.007,607.225,608.615,608.887,607.596,608.827
460.25,1841.0,608.231,608.6519999999999,609.217,608.966,607.885,610.2,608.675,607.9490000000001,608.8430000000001,608.169,608.247,608.117,609.145,608.189,608.2959999999999,608.045,608.882,608.281,607.8530000000001,606.776,608.689,607.861,608.5369999999999,608.302,608.503,607.335,609.4,609.507,609.5740000000001,608.335,607.754,607.793,608.446,607.36,608.274,608.138,608.502,608.22,607.961,606.933,608.4259999999999,607.852,607.4580000000001,607.564,608.3,608.85,608.456,609.964
460.5,1842.0,608.4540000000001,608.719,608.543,608.679,608.826,610.161,607.793,607.387,608.832,608.862,608.488,607.851,608.869,608.298,608.755,607.32,608.519,608.1659999999999,608.29,607.7669999999999,609.148,608.2,608.908,607.6469999999999,607.669,606.707,608.82,609.605,610.366,608.441,608.222,607.773,608.5409999999999,608.0840000000001,608.616,607.295,608.911,608.2280000000001,607.2040000000001,607.259,608.11,607.864,608.15,607.91,608.099,608.82,608.3,609.811
460.75,1843.0,607.905,608.187,608.806,608.393,608.023,610.172,609.231,608.096,609.351,608.17,609.247,608.029,609.5369999999999,607.7180000000001,608.149,607.226,609.331,608.419,608.432,607.376,608.75,607.414,609.014,606.997,607.58,607.8480000000001,609.399,609.365,610.835,608.064,607.511,608.063,608.9019999999999,606.609,608.244,607.42,609.77,608.93,607.6659999999999,606.97,608.163,608.575,607.678,607.5830000000001,608.679,607.404,608.56,608.6469999999999
461.0,1844.0,608.57,607.8240000000001,608.836,608.448,609.257,610.054,609.065,608.096,609.114,608.4169999999999,608.695,607.785,609.547,608.573,608.49,607.871,608.045,607.913,608.311,607.913,608.847,607.465,608.45,607.494,607.795,607.573,608.904,609.284,610.651,608.35,607.465,608.097,608.04,607.679,608.264,607.849,609.3340000000001,608.104,607.485,606.823,608.427,608.69,607.762,607.543,607.335,608.7,608.499,609.4209999999999
461.25,1845.0,607.993,608.446,609.2869999999999,608.937,609.271,610.341,609.092,607.618,608.738,608.089,608.464,608.493,609.336,608.17,608.526,608.311,608.525,608.151,608.207,607.116,608.735,608.0509999999999,608.04,608.523,607.925,607.625,608.607,609.876,610.927,607.7280000000001,607.738,608.2869999999999,609.0219999999999,607.212,609.013,607.3530000000001,609.307,608.058,608.39,607.694,607.895,607.75,607.5319999999999,608.122,608.607,607.894,608.0,610.29
461.5,1846.0,608.476,608.509,608.985,608.9780000000001,608.906,610.602,609.2230000000001,607.706,609.123,607.691,608.492,607.485,610.553,608.514,608.252,607.6659999999999,609.0740000000001,607.9540000000001,608.202,607.802,607.841,607.438,608.513,607.381,608.3919999999999,607.969,608.867,609.8969999999999,610.236,608.367,607.797,608.174,607.797,607.221,608.1709999999999,607.922,608.632,608.075,607.502,606.754,607.909,608.361,608.0459999999999,607.149,609.26,608.872,608.776,609.214
461.75,1847.0,608.87,608.104,608.656,608.46,608.886,611.1419999999999,608.769,607.9069999999999,609.184,608.536,608.7280000000001,608.081,609.112,608.026,608.246,608.553,608.765,608.311,608.613,607.317,608.513,607.531,608.601,607.351,608.78,607.753,609.472,609.28,610.123,608.302,608.09,608.479,608.305,607.26,608.479,607.609,608.7180000000001,608.1709999999999,608.222,607.634,607.712,608.235,608.376,607.645,608.806,608.43,608.464,609.9730000000001
462.0,1848.0,609.146,609.146,609.435,608.3580000000001,609.265,610.695,608.494,608.117,608.8240000000001,609.186,608.445,608.303,609.263,608.001,608.269,607.494,608.659,607.952,607.521,607.12,608.997,607.852,608.601,606.646,608.7090000000001,607.625,609.097,609.619,610.122,608.145,607.382,608.1469999999999,607.935,607.49,607.865,607.543,608.748,609.244,607.548,607.695,608.2669999999999,608.151,607.689,607.438,608.578,608.028,608.099,609.641
462.25,1849.0,608.158,608.211,609.799,608.857,609.755,609.16,608.6569999999999,607.6709999999999,608.683,608.07,608.1659999999999,608.078,609.004,608.5459999999999,608.745,607.952,609.683,607.766,608.337,607.62,608.7090000000001,607.832,607.939,607.861,608.4019999999999,607.13,609.315,609.29,610.177,608.8530000000001,607.775,607.5930000000001,608.596,607.173,608.729,607.988,608.475,608.1030000000001,607.415,607.198,608.151,607.997,608.069,607.116,609.39,608.18,608.391,609.238
462.5,1850.0,608.7869999999999,608.498,609.2669999999999,608.866,608.653,610.48,608.425,608.069,608.778,608.74,608.404,607.568,609.1990000000001,607.789,607.534,608.245,608.3969999999999,607.7230000000001,608.905,607.556,608.554,606.885,608.599,607.78,608.512,608.184,608.2819999999999,609.341,610.3480000000001,608.66,608.198,608.789,608.883,606.7,607.909,607.455,608.474,608.966,607.533,607.012,607.623,608.116,607.971,607.007,607.747,608.096,609.286,609.351
462.75,1851.0,607.711,607.75,608.504,609.22,608.891,610.545,607.975,608.136,608.964,608.9490000000001,608.374,607.732,609.785,608.099,608.356,608.9209999999999,609.134,607.975,608.029,607.375,608.701,607.263,608.323,607.888,608.238,607.381,609.011,608.385,609.682,608.543,607.885,608.194,608.181,608.0840000000001,608.622,607.768,608.448,608.379,606.773,607.54,607.995,608.097,607.703,607.491,608.898,607.74,607.66,608.8480000000001
463.0,1852.0,608.112,608.419,608.621,608.982,609.48,610.363,608.942,608.16,609.2959999999999,608.769,608.626,607.43,609.9580000000001,608.6030000000001,608.424,608.5830000000001,608.377,607.76,608.641,607.435,609.107,607.2280000000001,608.641,607.51,608.6030000000001,607.944,608.881,608.877,609.571,608.557,607.808,608.425,608.0830000000001,607.431,608.943,607.8340000000001,609.229,608.065,607.499,607.381,608.052,608.547,608.1519999999999,607.566,608.244,608.788,608.033,608.976
463.25,1853.0,607.7819999999999,607.81,608.5409999999999,608.639,609.429,610.149,609.307,608.006,609.035,608.5930000000001,608.695,608.112,608.554,608.352,607.8919999999999,608.02,608.497,608.303,608.469,607.739,607.851,607.785,609.229,607.6,608.304,607.55,608.649,608.692,608.368,608.6659999999999,607.865,608.354,607.883,607.7330000000001,608.326,608.401,608.747,608.714,607.693,606.9119999999999,607.861,608.097,608.007,608.201,608.705,608.275,608.717,609.4780000000001
463.5,1854.0,608.0930000000001,608.062,609.241,608.6659999999999,608.4169999999999,610.186,609.3240000000001,607.249,608.989,607.981,607.694,607.654,608.997,608.0740000000001,607.861,608.536,608.308,608.002,608.735,607.879,608.706,607.6619999999999,608.509,607.656,608.445,607.237,608.979,608.7909999999999,609.577,608.4490000000001,607.46,608.315,607.961,606.962,608.1669999999999,608.8,608.529,608.464,607.562,606.332,608.004,607.961,607.055,607.366,608.54,608.243,608.696,608.8580000000001
463.75,1855.0,607.7959999999999,607.965,608.299,608.613,609.198,610.149,609.689,608.656,608.899,608.495,608.113,607.6709999999999,608.54,608.822,608.07,608.444,607.689,607.942,608.906,607.112,608.786,607.526,608.78,607.937,607.405,607.553,609.169,609.34,609.043,609.01,607.749,608.182,608.131,607.6709999999999,608.374,607.604,608.974,608.786,607.969,607.3380000000001,608.3240000000001,608.2909999999999,607.261,607.562,608.656,608.768,609.7280000000001,608.918
464.0,1856.0,607.349,608.2869999999999,609.135,607.8969999999999,609.601,610.121,608.95,608.875,608.5459999999999,608.714,608.396,608.082,608.8969999999999,608.674,608.168,608.312,608.364,607.866,609.054,607.649,608.7280000000001,607.3580000000001,608.06,607.88,607.836,608.553,609.077,608.82,609.5,608.0409999999999,608.254,608.099,607.835,607.811,608.319,607.8,608.799,608.497,607.436,608.076,608.332,609.013,608.1569999999999,607.127,608.128,607.976,608.981,609.012
464.25,1857.0,607.4680000000001,607.981,608.512,608.749,609.2869999999999,610.059,609.503,607.362,609.15,608.4630000000001,608.365,608.018,608.956,609.085,608.406,608.548,608.5269999999999,607.831,609.191,606.981,608.795,608.006,608.44,607.558,607.874,607.889,609.387,609.748,608.9590000000001,608.029,607.691,608.249,608.18,606.866,608.192,608.122,608.53,608.627,607.49,607.1669999999999,607.928,608.189,607.4680000000001,607.2869999999999,608.451,608.189,608.082,608.492
464.5,1858.0,607.842,607.863,608.6080000000001,609.327,609.34,611.268,609.175,608.247,608.979,608.979,609.1519999999999,608.001,608.5880000000001,608.837,607.93,608.8380000000001,608.878,608.4680000000001,609.135,607.839,607.836,607.32,608.311,608.206,607.735,607.841,608.535,608.1619999999999,608.875,608.273,608.849,608.356,607.79,607.687,608.644,608.6,608.23,607.943,607.915,608.172,607.847,607.994,607.191,607.057,608.543,608.558,608.315,608.506
464.75,1859.0,608.034,608.606,608.878,608.899,609.124,609.169,608.989,607.909,608.283,608.8380000000001,608.552,608.205,608.813,608.279,609.128,608.591,608.59,608.508,609.125,607.3969999999999,608.105,607.387,608.114,608.05,607.614,607.98,608.702,608.573,609.278,608.971,607.987,608.5930000000001,608.206,607.84,608.581,608.818,609.308,608.544,606.903,607.085,607.785,608.711,607.591,608.062,608.815,608.7040000000001,608.452,608.826
465.0,1860.0,607.9630000000001,607.617,608.441,608.6,609.525,609.7819999999999,609.344,607.857,608.648,608.146,608.266,608.4209999999999,608.936,608.097,607.789,608.7819999999999,608.395,607.743,608.404,606.9119999999999,607.924,608.325,608.439,608.104,608.057,607.914,609.365,608.685,609.227,608.2080000000001,608.705,608.2769999999999,608.431,607.498,608.415,608.269,608.406,608.0930000000001,607.61,607.283,607.982,607.9590000000001,607.286,606.942,608.817,608.5880000000001,607.628,608.609
465.25,1861.0,608.286,608.135,608.5880000000001,608.128,608.903,609.861,608.681,608.266,609.763,609.225,608.749,608.2180000000001,608.352,608.472,608.561,609.039,608.049,608.827,609.024,607.924,608.515,607.507,608.4540000000001,607.6619999999999,607.64,607.678,608.886,608.768,608.79,608.3,608.031,607.946,608.129,607.382,608.498,607.854,608.8480000000001,608.901,607.898,606.919,607.5,608.231,608.123,608.048,608.6519999999999,607.21,607.943,608.4069999999999
465.5,1862.0,608.345,608.788,607.639,608.494,609.175,609.127,608.815,607.585,608.956,608.4780000000001,608.023,607.79,608.0930000000001,607.887,608.052,607.815,608.221,608.758,609.354,607.6030000000001,607.996,607.411,608.814,607.4630000000001,607.509,608.934,608.634,608.201,608.7819999999999,608.252,608.024,608.446,607.328,607.822,608.226,608.115,608.7869999999999,608.554,607.555,607.109,608.471,608.122,607.766,607.4259999999999,608.981,608.2909999999999,608.121,608.444
465.75,1863.0,607.409,608.071,609.406,608.387,609.039,609.1709999999999,608.929,607.564,609.269,607.96,607.764,607.623,608.5,609.113,608.354,608.243,608.616,607.505,609.382,607.616,608.0419999999999,608.121,607.9590000000001,608.048,607.795,608.095,608.619,608.2959999999999,608.314,607.972,607.859,608.62,607.59,607.788,608.47,608.376,608.636,608.629,607.577,607.178,608.465,607.748,607.8530000000001,606.946,608.09,607.992,608.073,608.77
466.0,1864.0,607.8969999999999,607.8380000000001,608.8240000000001,607.85,608.605,609.813,610.135,607.755,609.0419999999999,608.7,608.472,607.361,608.985,608.901,608.493,608.064,609.578,608.075,608.7180000000001,607.613,608.18,607.31,608.305,608.399,607.9169999999999,608.16,609.102,608.7040000000001,609.202,608.2769999999999,607.9019999999999,608.45,608.078,607.266,608.251,608.681,608.405,608.997,606.778,607.173,608.613,607.975,607.8009999999999,607.457,608.31,607.438,608.6659999999999,608.6619999999999
466.25,1865.0,607.206,607.865,608.559,607.95,609.216,609.428,608.575,608.797,609.4590000000001,608.664,609.203,607.467,608.535,608.799,607.946,609.101,608.425,608.133,609.023,607.4,608.0,607.3580000000001,607.7280000000001,606.849,607.4630000000001,608.288,608.911,608.5790000000001,608.5930000000001,608.194,608.124,608.701,608.221,607.827,607.951,608.345,609.386,608.563,607.16,606.981,608.242,608.573,607.5409999999999,607.744,608.184,608.205,608.148,609.391
466.5,1866.0,608.366,608.1080000000001,608.9730000000001,608.445,609.429,609.225,609.26,608.553,609.6419999999999,608.185,608.896,608.151,609.295,608.317,608.307,609.149,608.6080000000001,608.341,609.1469999999999,608.159,607.83,607.847,608.641,607.987,607.715,607.932,608.8969999999999,609.121,609.035,608.255,606.971,607.9780000000001,608.2230000000001,607.8480000000001,608.32,607.881,608.09,609.1469999999999,607.817,606.98,608.015,608.368,608.055,607.156,608.744,607.623,608.21,608.673
466.75,1867.0,607.645,607.87,609.371,608.521,608.953,609.307,608.976,607.339,609.779,608.368,608.512,607.7230000000001,608.781,609.4119999999999,607.722,608.339,607.702,607.822,609.367,608.096,608.4830000000001,608.095,608.32,608.1569999999999,607.21,608.0369999999999,609.224,609.194,608.68,608.261,608.016,608.515,608.4159999999999,608.5409999999999,608.271,608.102,608.91,609.326,607.987,607.612,608.88,608.286,607.443,607.1669999999999,608.549,608.123,608.018,608.359
467.0,1868.0,608.322,608.0269999999999,608.284,608.313,609.217,609.697,608.956,608.3380000000001,609.967,608.961,608.42,607.4540000000001,608.477,608.615,608.545,608.621,607.646,608.461,609.265,608.1519999999999,608.5840000000001,607.919,608.744,607.683,607.529,608.159,609.095,607.9780000000001,608.877,608.446,608.446,608.495,607.788,608.066,608.303,610.261,608.48,608.576,607.4780000000001,606.938,608.852,607.967,607.867,607.621,609.132,608.286,608.165,608.61
467.25,1869.0,607.814,608.41,609.034,608.248,608.98,608.815,609.9209999999999,607.7869999999999,609.361,607.774,608.5269999999999,607.869,608.79,608.982,608.138,608.786,608.1709999999999,607.597,608.0980000000001,608.321,608.805,607.097,608.169,608.0169999999999,608.0980000000001,607.722,608.33,609.129,608.839,607.868,607.139,607.856,608.7080000000001,607.361,609.0369999999999,609.01,608.19,608.928,608.0880000000001,607.238,609.238,608.2669999999999,607.624,606.886,607.826,607.869,607.378,608.6569999999999
467.5,1870.0,607.47,608.132,608.814,608.086,608.64,608.882,610.058,607.637,609.398,608.119,608.18,607.5319999999999,608.3240000000001,609.57,608.054,607.878,607.887,608.181,609.039,608.469,608.696,607.776,608.0319999999999,607.762,607.653,607.895,608.6669999999999,609.315,608.553,608.816,607.127,608.876,608.113,607.2769999999999,608.779,608.731,609.16,608.248,607.826,606.845,608.868,608.6519999999999,607.0930000000001,606.965,608.937,607.672,607.569,608.7719999999999
467.75,1871.0,607.624,608.47,608.605,607.745,609.711,609.02,609.492,608.5980000000001,609.238,607.877,608.526,607.925,608.58,609.298,608.389,608.988,608.7040000000001,607.239,608.5169999999999,608.624,608.5509999999999,607.876,607.731,607.799,607.8580000000001,607.766,609.7330000000001,609.1,608.698,607.604,607.48,608.237,607.442,607.485,608.113,608.693,608.945,608.495,607.575,607.129,608.068,607.981,607.498,607.337,607.893,608.716,608.092,608.48
468.0,1872.0,607.521,608.054,608.29,608.18,608.641,608.394,609.094,607.739,609.112,608.67,608.5790000000001,607.701,608.558,609.37,608.38,608.015,608.073,608.07,608.15,607.7959999999999,607.839,607.685,608.211,608.006,607.56,607.731,609.276,608.444,607.9159999999999,608.45,607.361,607.511,608.156,607.7280000000001,608.3009999999999,608.251,608.957,608.24,607.445,606.948,609.2959999999999,608.629,607.624,606.879,608.503,608.1419999999999,608.271,608.503
468.25,1873.0,608.178,608.0419999999999,609.057,608.174,608.92,609.139,609.5169999999999,608.273,608.737,607.592,608.023,607.793,609.252,608.743,608.085,608.6569999999999,607.9119999999999,608.018,609.484,608.327,608.381,607.946,607.681,607.465,607.928,607.742,609.05,608.5830000000001,608.956,607.707,607.919,607.45,608.1659999999999,607.807,608.149,608.6759999999999,608.58,608.4630000000001,,606.925,608.573,608.217,607.597,607.127,607.956,607.761,608.367,609.143
468.5,1874.0,607.972,607.893,609.0369999999999,608.442,608.592,609.391,609.491,608.386,610.076,608.363,608.737,607.5840000000001,608.596,608.691,607.852,608.66,608.835,608.429,608.799,608.391,608.3380000000001,607.722,607.725,607.732,608.104,607.318,608.5790000000001,609.181,608.5840000000001,608.485,607.366,608.284,607.581,607.5980000000001,608.578,607.804,608.452,608.008,,607.691,608.735,608.8,607.4540000000001,607.592,608.682,607.5840000000001,608.575,608.822
468.75,1875.0,607.439,608.018,609.266,608.654,609.433,608.88,609.9209999999999,608.442,609.857,607.448,609.039,607.8,608.953,609.054,608.009,608.107,608.3340000000001,607.83,608.73,608.632,608.215,607.127,607.682,607.7959999999999,608.06,607.567,609.124,608.672,607.644,609.145,607.7280000000001,608.8240000000001,607.974,608.123,608.695,608.575,609.165,608.367,,606.49,608.052,607.561,607.634,607.158,609.192,608.178,608.878,609.6569999999999
469.0,1876.0,607.643,608.565,609.481,608.44,609.0169999999999,609.244,609.293,608.05,609.821,607.698,608.191,607.888,608.135,609.2330000000001,608.304,608.531,607.7040000000001,608.1469999999999,608.573,608.599,608.398,607.503,607.932,607.875,607.438,607.4590000000001,608.46,609.052,608.8430000000001,607.555,607.563,608.069,608.601,607.503,608.284,607.808,608.872,608.464,,607.495,609.361,608.1,607.381,607.251,608.8330000000001,608.237,608.789,608.586
469.25,1877.0,608.099,608.942,609.4490000000001,608.549,608.462,609.4209999999999,610.056,608.455,609.311,607.961,608.003,607.053,609.097,608.52,607.961,608.1519999999999,607.534,607.663,609.075,608.3330000000001,608.554,607.441,608.1519999999999,607.8009999999999,608.0409999999999,608.64,609.155,608.396,609.121,608.202,607.625,608.923,608.617,607.891,609.068,607.915,608.4259999999999,608.373,,607.15,608.33,608.179,607.996,606.823,608.751,608.023,608.606,608.484
469.5,1878.0,608.113,607.198,609.8240000000001,607.915,609.043,608.975,609.425,608.962,608.884,608.102,609.173,607.5980000000001,609.403,610.3340000000001,608.122,608.904,608.039,607.555,608.224,608.913,608.507,607.694,607.883,607.48,607.131,607.952,608.65,608.969,609.2769999999999,608.013,607.97,608.3330000000001,608.617,608.569,608.923,608.451,608.494,608.394,,607.253,608.154,607.807,608.2040000000001,606.572,608.552,607.35,608.403,608.981
469.75,1879.0,607.716,608.496,609.1659999999999,607.29,608.69,608.9069999999999,610.249,608.425,609.549,607.851,608.629,607.7090000000001,608.418,608.686,607.8330000000001,607.962,608.115,607.976,608.63,608.632,607.993,607.467,608.082,608.163,608.137,607.544,609.182,609.778,608.696,608.31,607.554,608.155,608.653,608.076,608.87,608.547,608.67,608.48,,607.8430000000001,608.467,607.823,607.895,606.751,608.65,608.2909999999999,608.308,608.967
470.0,1880.0,608.415,607.905,608.915,607.943,608.005,608.859,610.311,608.885,609.368,607.7919999999999,608.65,608.2090000000001,609.4590000000001,608.501,608.466,607.568,607.819,607.5369999999999,608.2180000000001,608.177,608.498,607.568,607.807,607.335,608.202,607.795,608.656,608.74,608.651,608.089,607.867,608.347,607.71,607.905,608.299,608.73,609.0509999999999,608.815,607.381,607.734,608.377,608.4209999999999,607.874,607.33,608.837,607.285,607.95,608.865
470.25,1881.0,608.2180000000001,608.56,608.7230000000001,607.712,608.905,608.1669999999999,609.633,607.7919999999999,609.1469999999999,608.497,608.244,608.357,609.221,609.096,607.868,608.309,608.168,607.317,608.849,609.158,608.366,607.38,607.437,608.677,608.136,607.5880000000001,608.896,608.712,608.2669999999999,607.5840000000001,607.274,608.9169999999999,608.257,608.024,608.249,608.3530000000001,608.774,608.491,607.266,608.164,609.6469999999999,607.9590000000001,607.462,608.026,608.202,607.965,608.244,609.227
470.5,1882.0,607.877,607.682,609.5269999999999,608.0840000000001,608.904,609.143,610.091,608.928,608.809,607.592,608.4259999999999,607.984,609.3330000000001,608.8290000000001,607.953,608.224,608.249,608.946,609.156,609.322,607.863,607.602,608.341,607.422,607.4159999999999,607.612,609.474,609.196,608.643,608.318,607.785,608.346,607.993,607.6080000000001,608.023,608.77,608.5269999999999,608.696,607.6669999999999,607.564,608.632,608.335,607.947,607.628,609.391,607.747,608.146,608.359
470.75,1883.0,607.597,608.5219999999999,608.95,608.554,608.765,608.045,609.192,608.602,608.846,608.264,608.6669999999999,607.906,609.9580000000001,609.0,608.3919999999999,607.818,608.986,608.225,607.924,608.018,608.81,607.263,607.825,608.27,608.181,607.314,608.3480000000001,608.919,609.349,608.178,607.653,608.581,607.491,607.862,608.5269999999999,608.476,607.995,608.331,607.451,607.864,608.377,607.752,607.965,607.69,608.317,607.739,608.424,608.5930000000001
471.0,1884.0,608.078,607.5319999999999,609.19,608.308,608.341,608.665,610.1990000000001,608.613,609.106,608.089,608.385,608.798,609.549,608.275,607.698,608.2909999999999,607.8330000000001,607.9590000000001,608.375,608.828,608.408,607.799,608.159,607.509,608.5269999999999,608.095,609.385,609.258,609.158,608.516,607.481,608.488,608.9,608.271,608.39,608.727,608.4680000000001,608.2080000000001,607.484,607.3,607.906,608.09,608.154,607.55,608.351,607.86,608.047,609.1030000000001
471.25,1885.0,608.498,607.9540000000001,609.092,607.756,608.617,608.846,609.722,608.965,608.587,607.8340000000001,608.337,607.455,609.488,608.322,608.249,608.946,607.512,607.684,608.508,608.425,608.786,607.422,607.9730000000001,607.467,607.466,608.044,608.8240000000001,609.288,608.619,607.822,607.248,608.464,608.205,607.65,609.1669999999999,608.125,608.6619999999999,607.95,607.143,607.674,607.5840000000001,608.013,607.184,607.4209999999999,608.5459999999999,608.044,608.376,608.193
471.5,1886.0,608.602,608.151,608.687,608.0880000000001,608.808,608.481,609.3580000000001,608.128,609.273,607.552,608.837,608.6030000000001,609.52,608.504,608.413,607.623,608.779,607.697,608.559,608.758,608.635,607.469,607.715,607.442,608.293,607.444,608.0419999999999,609.086,609.215,607.124,607.215,607.752,608.279,607.2719999999999,608.503,608.255,608.067,608.225,607.259,607.839,608.1619999999999,608.066,607.967,607.6659999999999,608.683,608.075,608.1,608.727
471.75,1887.0,607.7819999999999,608.247,608.925,607.0219999999999,608.8430000000001,608.563,609.686,608.981,609.2230000000001,607.841,608.467,608.7090000000001,609.5830000000001,609.065,608.029,608.592,608.2230000000001,608.22,608.695,608.82,608.732,606.78,607.635,607.719,607.2230000000001,608.0219999999999,608.882,608.836,609.549,608.242,607.915,608.535,608.092,607.789,608.503,608.53,608.819,608.712,607.236,608.0740000000001,608.227,608.261,608.278,608.25,607.476,607.3480000000001,607.984,607.98
472.0,1888.0,607.816,608.405,609.3009999999999,608.1659999999999,608.499,609.153,609.92,608.687,608.337,607.855,607.881,608.307,609.69,608.768,607.604,608.22,607.911,608.123,608.4119999999999,608.607,608.982,607.435,608.062,607.405,607.572,607.109,609.1619999999999,608.771,609.113,607.924,607.205,609.122,607.807,607.578,608.474,608.332,608.539,608.564,608.141,607.66,608.4119999999999,608.335,607.363,607.63,608.68,607.778,608.849,608.545
472.25,1889.0,608.056,607.181,609.016,607.879,608.092,608.168,609.836,608.173,608.45,608.024,608.682,607.9590000000001,609.131,608.2919999999999,607.163,608.16,607.286,607.72,609.179,608.804,608.266,607.3969999999999,607.762,608.286,608.381,607.661,608.646,608.7769999999999,608.687,608.07,608.059,608.516,607.859,607.659,608.331,608.146,608.425,607.743,607.69,607.944,607.993,608.113,607.851,607.486,609.107,607.595,607.3240000000001,607.602
472.5,1890.0,608.396,608.694,609.163,608.127,609.012,608.155,609.5740000000001,608.634,609.4,608.351,608.357,608.137,609.315,608.45,608.295,608.432,607.852,607.727,608.409,609.265,608.911,606.9580000000001,607.943,607.841,608.22,607.764,609.779,608.913,609.419,608.203,607.308,608.069,608.352,607.977,607.501,608.302,608.621,608.3290000000001,607.384,608.278,608.0830000000001,608.31,607.854,607.669,608.02,607.531,608.28,608.701
472.75,1891.0,607.174,608.988,609.1619999999999,607.24,608.607,608.735,609.549,607.945,608.931,607.1419999999999,608.217,607.461,610.026,608.937,607.692,607.099,608.159,608.168,608.386,609.325,609.159,607.885,608.104,607.98,608.308,607.125,609.12,607.9259999999999,609.751,608.076,607.618,608.2919999999999,608.453,607.557,607.678,608.896,608.3290000000001,608.533,606.658,608.065,609.01,608.635,608.04,606.635,608.419,606.922,608.565,607.956
473.0,1892.0,608.685,607.41,609.0269999999999,607.9019999999999,609.17,608.429,610.053,608.0509999999999,609.0369999999999,607.2280000000001,608.722,607.98,609.937,608.893,608.297,608.231,608.2719999999999,607.65,608.4069999999999,608.887,608.513,607.866,607.871,608.32,608.288,607.993,608.39,608.934,608.72,607.5369999999999,608.068,607.525,607.7909999999999,608.068,608.278,608.241,608.195,608.13,606.855,607.944,609.047,607.938,608.186,606.5269999999999,608.855,607.686,607.758,608.35
473.25,1893.0,608.305,608.779,608.961,607.64,608.122,608.303,609.9159999999999,609.229,608.4259999999999,607.663,609.326,608.069,609.216,608.112,607.684,608.006,608.1669999999999,607.6519999999999,608.4540000000001,608.029,609.053,607.357,607.808,607.75,608.16,608.33,608.85,608.648,608.988,608.034,608.447,608.276,608.5509999999999,607.685,607.923,608.243,608.7719999999999,608.112,607.5740000000001,607.99,608.925,608.047,608.5219999999999,607.464,608.275,607.544,607.519,608.4580000000001
473.5,1894.0,608.253,609.0269999999999,608.8580000000001,607.807,608.175,608.328,609.216,607.931,608.936,607.501,608.452,608.695,609.109,608.339,608.274,608.001,608.289,607.597,607.886,608.2230000000001,609.156,606.589,607.351,607.774,607.2769999999999,607.688,609.368,609.3380000000001,609.1990000000001,607.5790000000001,608.525,608.493,607.766,608.099,608.263,608.18,608.774,608.721,607.033,607.275,609.566,608.375,607.54,607.492,608.938,607.304,608.746,607.691
473.75,1895.0,608.56,608.281,609.0409999999999,607.5509999999999,609.0269999999999,608.515,609.174,608.2180000000001,608.927,607.5880000000001,608.604,608.3969999999999,609.354,608.687,608.066,607.8430000000001,607.979,608.0980000000001,608.13,608.9630000000001,609.357,607.29,607.325,607.785,608.607,607.187,608.428,608.283,609.086,608.365,607.067,607.805,607.867,607.249,607.948,607.79,608.315,608.35,607.773,608.006,609.114,608.313,608.609,607.866,608.061,608.172,608.226,608.113
474.0,1896.0,607.4019999999999,607.784,609.097,607.568,608.613,608.227,609.4830000000001,608.626,608.651,607.8580000000001,608.727,608.0740000000001,609.23,608.372,608.212,608.448,607.933,607.72,607.678,608.9540000000001,609.888,606.932,607.388,607.1519999999999,608.187,607.461,608.452,608.279,609.029,608.135,607.623,608.4069999999999,608.295,607.793,608.499,608.2230000000001,608.6759999999999,608.5319999999999,607.67,608.067,609.119,609.09,607.227,608.4119999999999,608.087,606.894,608.3480000000001,608.507
474.25,1897.0,608.178,609.356,608.697,607.982,608.967,608.191,609.113,608.725,608.557,607.411,609.0790000000001,608.099,609.5840000000001,607.743,608.257,608.632,607.879,608.4630000000001,608.198,608.877,609.947,607.813,607.428,607.457,608.064,608.0419999999999,608.864,608.119,609.385,608.149,607.785,607.942,608.385,607.63,608.295,608.399,608.5880000000001,607.808,607.158,608.237,609.332,608.9,607.851,607.663,609.071,608.263,607.7959999999999,609.092
474.5,1898.0,608.587,608.516,608.773,608.143,608.969,608.307,609.102,608.68,608.698,606.899,608.455,608.456,609.84,608.668,608.506,608.153,607.703,608.575,607.5790000000001,609.095,608.46,607.22,607.976,608.0269999999999,608.1030000000001,607.837,608.285,608.9580000000001,609.161,607.734,608.24,607.847,608.257,607.48,607.748,608.696,607.7819999999999,608.557,607.181,608.597,609.136,608.6709999999999,608.437,608.1,608.4490000000001,608.18,608.404,607.724
474.75,1899.0,607.7919999999999,608.653,608.429,607.414,608.0219999999999,608.275,609.071,607.813,607.798,607.65,608.143,607.672,609.2819999999999,608.274,608.163,607.629,607.845,607.783,608.173,608.364,608.5219999999999,607.587,607.739,607.31,608.4119999999999,607.5369999999999,608.832,608.905,608.969,608.439,607.702,608.497,608.332,607.8530000000001,608.175,608.601,608.62,608.1569999999999,607.206,608.137,609.369,608.861,608.119,608.181,608.259,607.732,607.623,607.632
475.0,1900.0,607.711,607.753,608.131,607.38,607.701,608.627,609.1080000000001,608.255,609.577,607.6669999999999,609.201,607.975,610.092,607.679,608.7180000000001,607.5409999999999,608.669,607.4780000000001,608.189,608.452,609.0409999999999,607.173,607.786,607.434,607.903,607.491,608.311,608.1,609.193,608.143,608.145,607.944,608.229,607.235,608.414,608.646,608.163,608.471,607.85,608.105,609.679,608.81,607.922,607.775,607.986,607.65,608.194,607.86
475.25,1901.0,608.696,608.023,608.0790000000001,607.768,608.401,608.677,608.378,608.923,608.133,607.957,608.368,607.322,609.987,607.961,608.774,608.915,608.3430000000001,608.601,607.501,608.424,608.063,607.494,607.839,607.773,608.268,607.112,609.315,608.0459999999999,609.0169999999999,608.423,607.707,607.828,608.568,607.56,608.53,608.564,608.72,608.451,607.055,607.429,609.285,608.628,607.591,607.731,608.085,607.951,608.715,608.35
475.5,1902.0,608.425,608.495,608.0419999999999,608.496,608.073,607.739,609.4,607.885,609.446,608.09,608.977,608.161,610.005,608.126,608.5409999999999,608.331,607.9830000000001,607.089,608.446,608.425,609.033,607.628,608.127,607.455,608.276,607.075,609.284,609.03,610.724,608.219,608.172,608.178,608.41,607.524,607.711,607.927,608.293,608.627,607.496,608.305,609.0459999999999,608.315,607.979,607.818,608.398,607.765,608.283,607.408
475.75,1903.0,608.609,607.861,608.75,608.254,608.737,607.877,607.5880000000001,609.626,609.293,608.118,608.4019999999999,608.375,609.465,608.268,608.581,607.685,608.246,608.83,607.752,608.799,608.691,607.8240000000001,607.9730000000001,606.9169999999999,607.85,607.5409999999999,608.861,608.214,609.727,608.2959999999999,608.2330000000001,607.882,608.886,607.7,608.384,608.078,607.734,608.175,607.193,608.508,610.955,608.5219999999999,608.243,607.683,607.462,608.0169999999999,608.278,608.4730000000001
476.0,1904.0,607.943,609.08,608.83,607.863,608.377,608.484,608.696,607.975,608.19,607.993,608.026,608.599,609.692,607.989,608.3480000000001,607.719,608.115,608.089,607.972,608.93,608.73,607.604,608.565,607.023,608.453,607.65,608.219,608.889,609.221,607.957,608.07,608.378,608.8919999999999,608.07,607.687,608.326,607.78,608.068,607.4630000000001,607.475,609.592,608.434,608.862,607.246,608.158,608.124,607.993,608.044
476.25,1905.0,607.753,608.539,608.86,607.932,607.996,609.106,609.122,608.067,608.087,608.118,608.651,607.8919999999999,610.095,607.771,607.979,608.558,608.441,608.192,608.5880000000001,608.082,608.811,607.363,607.172,607.432,608.383,607.939,608.757,608.909,610.211,607.545,607.815,608.9119999999999,608.143,606.7669999999999,608.128,608.76,607.969,608.366,606.56,607.735,609.685,607.748,607.719,607.5419999999999,608.086,607.7819999999999,608.98,607.052
476.5,1906.0,607.442,608.12,608.55,607.752,607.884,608.866,607.706,608.024,607.644,607.501,607.7669999999999,608.37,609.521,608.7130000000001,607.661,608.07,607.9680000000001,608.1080000000001,607.466,608.555,608.497,607.425,607.576,606.872,607.998,607.9680000000001,609.033,607.844,609.622,607.649,608.008,608.2040000000001,608.224,607.337,608.319,609.155,608.476,607.493,607.475,607.957,609.015,608.15,608.005,607.441,608.2869999999999,607.745,607.8430000000001,607.9580000000001
476.75,1907.0,607.967,608.558,607.945,607.814,607.716,607.645,608.46,607.784,608.15,607.369,608.095,608.111,609.742,608.2180000000001,608.569,608.0740000000001,608.252,608.904,608.0409999999999,608.2909999999999,607.6469999999999,607.91,607.9069999999999,607.47,608.186,607.97,608.2919999999999,609.876,610.378,607.86,608.6759999999999,608.121,608.387,607.558,608.453,608.189,607.9680000000001,608.039,607.058,608.635,608.977,608.298,608.269,607.3380000000001,607.807,608.455,608.635,607.6990000000001
477.0,1908.0,608.894,607.95,608.2,607.568,609.5509999999999,608.475,608.618,608.681,608.2669999999999,607.587,607.945,607.648,609.975,607.309,607.878,607.2819999999999,607.606,608.248,608.351,607.491,608.5409999999999,607.675,607.933,607.83,608.0,606.922,608.611,608.288,610.207,608.678,607.138,608.072,608.448,608.144,608.474,608.035,608.472,607.837,606.935,608.371,609.425,609.122,607.627,607.871,608.3009999999999,607.987,607.9019999999999,607.764
477.25,1909.0,608.251,607.607,608.232,608.195,607.803,608.925,608.0409999999999,608.396,607.773,607.54,608.299,608.3330000000001,610.045,607.687,608.143,607.506,608.082,607.999,607.874,607.8240000000001,608.578,607.437,607.572,607.351,607.7719999999999,607.163,608.206,608.56,610.2819999999999,608.424,607.693,608.0,608.514,607.8009999999999,607.07,607.612,608.753,607.731,607.2090000000001,607.668,609.072,608.406,608.27,607.5269999999999,607.613,607.811,608.0830000000001,607.628
477.5,1910.0,608.13,608.7,608.7959999999999,608.118,608.433,608.512,608.5840000000001,608.159,608.0880000000001,608.054,608.486,607.997,609.128,608.08,608.672,607.633,608.118,608.284,608.543,607.122,608.269,607.015,607.565,607.679,607.41,607.766,608.512,608.569,610.221,608.288,607.769,607.9730000000001,609.217,607.725,607.524,608.565,607.895,607.965,607.762,607.115,608.707,608.309,607.715,607.481,608.121,608.184,608.424,608.094
477.75,1911.0,608.538,608.628,607.87,607.524,607.394,608.711,608.404,607.825,607.455,607.7230000000001,608.5830000000001,608.469,610.211,608.0169999999999,608.123,606.9680000000001,608.943,608.086,607.991,608.707,608.114,607.817,607.422,607.7919999999999,608.656,607.701,608.724,608.807,609.972,607.602,607.095,608.113,608.475,607.799,607.89,608.201,607.827,607.77,607.74,607.168,608.726,608.295,608.2230000000001,607.388,607.776,607.717,608.092,607.935
478.0,1912.0,607.089,608.248,608.698,607.681,608.236,609.319,608.486,607.996,608.143,607.4119999999999,607.565,607.571,609.395,606.774,607.582,607.622,607.945,607.837,607.561,607.6569999999999,608.11,607.874,607.776,607.559,607.761,606.674,608.368,609.0830000000001,610.257,607.438,607.7090000000001,607.466,608.512,608.311,607.6569999999999,607.962,608.571,607.586,607.311,607.609,608.346,608.2080000000001,608.544,607.5369999999999,607.844,608.0269999999999,608.36,607.886
478.25,1913.0,608.175,607.33,608.91,607.194,608.371,608.76,608.42,607.664,608.0,608.243,608.497,607.842,609.451,607.924,607.639,607.811,608.422,607.87,607.9119999999999,607.756,608.115,607.716,608.281,607.774,607.9019999999999,607.2,608.826,608.9,609.987,607.645,608.047,607.812,608.212,607.56,607.82,607.684,607.819,607.683,607.165,607.8530000000001,609.16,607.802,607.946,607.399,607.735,607.729,608.371,607.925
478.5,1914.0,608.0409999999999,608.403,608.696,607.941,607.655,608.962,608.625,607.9490000000001,607.94,607.6669999999999,607.9259999999999,608.2,609.266,607.726,608.592,607.894,608.852,608.822,609.091,607.688,608.681,607.299,607.59,607.865,607.936,607.569,608.766,608.923,610.423,607.614,606.969,607.727,608.168,608.035,608.085,607.431,608.019,607.506,607.262,607.224,608.513,608.095,608.6659999999999,607.751,607.7,607.818,607.993,607.991
478.75,1915.0,607.5830000000001,608.495,608.2280000000001,607.404,607.706,608.095,608.758,608.736,607.9159999999999,608.0369999999999,608.582,607.6519999999999,609.5219999999999,608.485,608.13,608.08,607.971,608.107,608.592,607.98,608.007,607.1659999999999,607.815,607.5840000000001,607.521,607.788,609.054,609.685,610.106,607.6,607.846,607.758,607.622,608.094,606.814,608.811,607.724,607.632,607.413,607.524,608.8009999999999,607.819,608.694,607.253,607.985,608.131,608.489,607.869
479.0,1916.0,608.643,608.028,608.086,607.712,607.918,608.7330000000001,608.227,607.904,608.821,608.175,608.48,607.836,609.467,606.994,608.566,607.362,608.2819999999999,608.319,608.811,607.876,608.939,607.305,608.153,607.927,608.94,608.055,608.909,608.631,609.47,607.345,607.806,607.933,607.91,607.9119999999999,608.0740000000001,608.851,607.936,607.118,607.286,607.434,608.732,608.294,608.135,607.95,608.13,608.181,608.49,608.232
479.25,1917.0,608.3919999999999,607.981,608.885,607.846,607.825,609.013,608.311,608.145,608.225,607.2719999999999,607.585,607.7230000000001,609.2040000000001,607.354,608.237,607.266,608.187,607.942,608.8580000000001,607.638,608.395,606.523,608.229,607.823,608.634,607.342,609.028,608.924,610.111,607.51,607.656,607.393,607.956,607.494,608.2330000000001,607.89,608.174,608.094,606.927,607.359,608.4780000000001,608.384,608.128,607.7719999999999,607.464,608.555,607.844,607.602
479.5,1918.0,607.555,607.3530000000001,608.4580000000001,607.766,607.597,609.7040000000001,607.826,608.385,608.43,607.639,607.413,607.319,608.85,608.026,608.672,608.427,608.556,609.361,608.344,607.665,608.399,607.028,608.232,606.938,608.127,607.578,608.75,609.1419999999999,610.066,607.336,608.7180000000001,607.92,608.745,607.193,607.545,607.371,608.599,608.294,606.492,607.2959999999999,608.679,608.356,607.827,607.231,608.002,608.271,608.144,607.991
479.75,1919.0,607.2280000000001,608.461,608.466,608.064,607.615,608.934,607.9159999999999,607.573,608.028,607.889,607.98,608.229,609.026,608.18,608.486,608.033,608.5319999999999,607.936,608.184,607.43,608.455,607.552,608.4780000000001,607.539,607.569,607.436,608.871,608.577,609.955,607.821,607.19,607.619,608.307,607.42,607.778,608.408,608.056,608.2669999999999,607.509,608.2769999999999,608.682,608.488,607.866,607.3480000000001,607.303,608.159,607.561,607.5459999999999
480.0,1920.0,607.352,608.455,608.1419999999999,607.119,607.251,608.905,608.486,607.743,607.252,607.43,607.638,607.258,609.423,607.736,608.1030000000001,607.59,608.444,607.879,608.894,607.622,608.08,607.311,608.0980000000001,606.9169999999999,607.29,607.436,608.665,608.211,610.452,608.007,607.179,608.274,608.132,607.519,607.865,607.962,607.811,608.812,607.349,607.679,608.715,608.081,608.364,607.48,608.212,608.357,608.367,608.05
480.25,1921.0,607.674,607.562,608.668,607.3530000000001,607.428,609.0369999999999,607.844,607.151,608.398,607.812,608.226,607.506,609.362,606.823,608.293,607.076,608.4590000000001,608.4490000000001,608.13,607.2869999999999,607.611,607.706,607.802,607.067,607.4119999999999,607.7769999999999,608.633,609.4169999999999,610.423,607.698,607.7180000000001,607.985,608.205,607.65,608.269,608.316,607.66,607.9119999999999,607.604,607.795,608.626,608.73,607.979,607.28,608.609,608.383,607.547,608.177
480.5,1922.0,607.898,607.226,608.673,607.683,607.624,609.21,607.891,607.7330000000001,607.227,608.0830000000001,608.626,607.762,609.207,606.678,607.362,607.732,608.085,608.442,608.922,606.995,608.021,607.091,608.865,607.5790000000001,608.32,608.106,608.604,609.389,609.919,607.934,607.095,607.25,609.094,607.393,607.724,607.884,607.638,608.087,607.4019999999999,606.91,608.614,608.0369999999999,608.028,607.184,608.899,608.444,608.1080000000001,607.894
480.75,1923.0,608.3919999999999,608.545,608.227,607.5369999999999,607.668,608.9209999999999,607.8480000000001,608.05,608.44,607.736,608.5980000000001,607.23,608.7,607.656,608.116,607.613,608.784,608.283,608.797,607.276,608.924,607.682,607.94,607.74,607.675,606.3340000000001,609.105,608.952,609.877,608.746,607.775,607.351,608.2719999999999,607.271,608.02,608.14,608.127,607.4119999999999,607.7919999999999,607.486,608.227,607.207,607.504,607.633,608.211,608.488,607.675,607.424
481.0,1924.0,607.887,607.466,608.471,608.786,607.931,609.2869999999999,607.9259999999999,607.573,607.744,607.419,608.094,607.371,609.346,608.106,609.061,607.0930000000001,608.696,608.846,608.534,607.685,608.528,607.614,607.9,606.687,607.863,607.6519999999999,609.2130000000001,609.27,610.0459999999999,607.585,607.578,607.716,608.684,607.746,607.786,607.882,607.302,607.325,607.134,607.864,608.4069999999999,608.633,608.0219999999999,607.3240000000001,608.078,608.411,607.8919999999999,608.183
481.25,1925.0,608.2909999999999,608.6569999999999,607.9780000000001,608.252,607.878,608.7819999999999,608.183,608.039,607.442,607.229,607.514,607.337,608.697,607.569,608.359,608.072,608.014,608.312,608.446,606.686,608.1519999999999,607.698,608.144,607.283,608.246,607.312,609.7080000000001,609.117,610.633,607.144,607.566,608.328,608.236,608.596,608.049,607.212,607.784,607.96,607.563,607.433,608.313,608.625,607.9259999999999,607.004,608.01,608.126,608.316,607.79
481.5,1926.0,607.435,607.706,608.549,607.624,607.359,609.9580000000001,608.266,608.078,607.49,607.504,607.797,606.8290000000001,609.094,607.827,608.318,607.629,608.186,608.639,609.021,607.553,608.614,607.82,608.632,607.591,608.2919999999999,607.376,609.2130000000001,608.811,610.624,608.11,607.552,607.975,608.674,607.696,608.251,608.068,607.747,607.966,607.779,607.607,607.924,608.275,607.95,606.802,609.206,608.674,607.876,608.386
481.75,1927.0,607.78,607.164,608.331,608.3240000000001,607.635,609.363,607.956,608.609,608.137,607.891,607.873,608.028,608.725,608.318,607.719,607.577,608.988,608.977,608.717,607.293,608.135,607.297,607.922,606.836,608.019,606.446,608.669,608.811,609.6990000000001,608.285,607.453,607.675,608.109,607.165,608.638,607.946,608.881,608.126,607.688,606.969,608.265,608.133,607.482,607.2919999999999,607.8380000000001,608.469,608.558,607.9580000000001
482.0,1928.0,607.656,607.604,608.668,608.112,607.559,609.087,607.933,608.263,607.794,608.1659999999999,608.155,608.154,609.048,607.844,608.536,606.736,608.641,608.572,608.4169999999999,607.409,608.308,607.64,608.214,607.526,607.528,607.043,608.846,608.826,610.376,608.364,607.832,607.705,608.927,607.5880000000001,608.245,608.243,608.346,608.2330000000001,607.096,607.182,608.23,608.635,607.908,607.624,608.585,609.433,607.379,608.4830000000001
482.25,1929.0,608.1080000000001,607.766,608.155,607.982,607.783,612.317,607.982,608.456,608.487,609.202,608.604,607.368,608.831,607.904,608.068,607.322,609.321,608.594,609.091,607.876,608.194,607.563,608.111,607.444,608.431,607.031,609.1709999999999,608.688,609.779,608.065,607.159,608.1619999999999,608.528,608.007,608.319,608.556,607.132,608.145,607.214,607.474,608.001,607.4580000000001,607.793,607.332,608.571,608.363,608.4780000000001,607.251
482.5,1930.0,608.105,608.226,608.82,608.021,608.095,609.96,608.306,608.067,608.335,608.1,608.604,607.561,608.47,608.002,608.374,607.558,608.15,608.696,609.367,607.68,607.9069999999999,607.268,607.8919999999999,607.317,608.086,607.504,609.192,609.195,609.374,607.479,606.984,607.375,608.0930000000001,607.207,608.5930000000001,608.427,607.835,608.1,607.227,607.557,608.444,608.739,608.221,608.011,609.556,608.535,607.748,608.624
482.75,1931.0,608.114,607.697,607.8919999999999,607.8330000000001,607.906,609.525,608.154,608.127,608.639,607.673,608.182,607.123,609.169,607.242,607.936,607.91,608.618,608.038,608.141,607.132,607.684,607.521,607.942,607.455,608.4259999999999,607.425,608.741,609.005,609.494,608.441,607.5409999999999,608.479,608.298,608.059,607.535,608.303,607.641,607.839,607.511,607.1519999999999,607.859,608.521,608.509,607.592,609.726,608.569,608.7669999999999,607.984
483.0,1932.0,607.931,607.995,608.247,607.766,607.123,609.405,608.169,608.273,609.158,608.225,609.27,608.061,609.8340000000001,608.045,607.894,607.7919999999999,609.325,608.411,608.444,607.39,608.058,607.484,608.36,607.477,608.115,608.0319999999999,608.524,608.303,610.12,608.0409999999999,607.847,607.825,608.4,607.836,608.9169999999999,608.909,607.2909999999999,608.384,606.765,606.891,608.37,609.205,608.184,607.539,609.168,607.9490000000001,608.68,608.424
483.25,1933.0,607.748,608.863,607.9119999999999,608.36,607.758,609.737,608.0,608.239,607.553,608.179,608.677,607.814,607.901,607.712,607.628,607.766,609.086,608.756,608.658,607.184,607.74,607.982,607.7090000000001,607.613,607.476,607.765,609.615,609.4580000000001,610.687,607.76,608.114,608.034,607.852,607.842,608.651,608.109,608.029,607.925,608.019,607.144,607.76,607.6569999999999,608.5459999999999,607.34,609.716,608.702,607.947,607.55
483.5,1934.0,608.201,607.615,607.839,607.92,608.46,609.644,608.683,607.49,607.81,607.924,608.911,607.21,609.087,607.89,608.214,607.403,609.075,608.721,608.36,607.257,608.066,606.923,608.066,607.627,607.929,607.809,609.024,609.268,609.4,608.33,607.504,608.057,608.311,608.2330000000001,608.344,608.5219999999999,607.857,607.4680000000001,607.4730000000001,606.771,607.7280000000001,608.465,607.707,607.284,609.0319999999999,608.882,608.232,608.181
483.75,1935.0,607.965,607.948,608.187,607.528,608.3,610.1080000000001,608.422,607.947,608.6469999999999,608.826,608.793,607.986,608.977,608.67,608.2330000000001,607.953,609.278,608.648,608.497,607.49,608.315,607.615,608.2130000000001,607.915,607.668,607.545,608.99,608.992,609.619,608.54,608.023,607.722,608.73,606.962,608.159,608.774,608.182,608.423,607.427,607.2090000000001,607.332,608.726,608.552,607.736,608.576,608.876,608.493,607.207
484.0,1936.0,608.757,608.066,607.967,608.015,608.008,609.936,607.911,608.762,607.856,608.191,608.809,607.521,609.186,607.999,608.033,607.863,608.9490000000001,608.871,607.645,606.8,607.841,608.194,607.73,608.007,607.941,607.431,608.908,608.956,609.725,608.289,607.258,607.769,607.961,607.275,607.981,607.9730000000001,608.4590000000001,607.818,606.906,607.004,608.018,609.205,607.901,607.428,611.115,608.809,608.448,608.25
484.25,1937.0,607.581,607.674,608.076,608.169,607.7819999999999,610.617,607.646,608.274,607.601,608.451,608.619,607.788,609.596,608.12,607.6669999999999,607.927,608.315,608.863,608.564,607.779,607.569,610.14,607.597,608.016,608.77,607.127,609.452,609.431,610.596,608.933,607.9490000000001,608.7819999999999,607.847,607.45,608.192,608.341,608.319,607.856,607.453,607.371,608.418,,607.569,607.484,608.85,607.567,608.401,608.057
484.5,1938.0,608.0369999999999,609.278,608.513,608.413,607.8919999999999,610.467,607.994,608.837,607.856,608.382,607.809,607.683,608.8009999999999,608.474,608.43,607.8480000000001,608.251,608.648,608.2869999999999,607.133,607.71,608.258,607.475,608.5269999999999,608.847,608.1990000000001,608.879,609.4540000000001,609.298,608.222,607.769,607.915,608.655,607.7090000000001,608.3580000000001,608.413,607.5169999999999,608.695,607.132,607.297,608.206,,608.3009999999999,607.44,609.839,608.355,607.984,607.8290000000001
484.75,1939.0,607.688,608.102,608.62,608.214,609.034,610.117,607.924,608.2819999999999,607.937,608.175,608.322,607.174,609.761,608.381,608.39,607.632,609.0219999999999,608.246,608.585,607.857,607.691,607.5740000000001,607.872,607.48,608.506,607.278,609.4019999999999,609.252,609.573,608.2719999999999,607.9630000000001,608.345,607.548,607.189,608.294,607.905,608.031,607.9259999999999,607.276,607.446,608.508,608.2719999999999,608.521,607.9630000000001,608.939,608.802,609.198,607.7090000000001
485.0,1940.0,608.2669999999999,607.753,608.5930000000001,608.5830000000001,608.476,610.068,608.11,607.803,608.619,607.965,608.2080000000001,607.66,609.0740000000001,607.611,608.433,607.2280000000001,608.997,609.304,608.104,607.547,607.519,608.184,607.515,608.3,607.985,607.8430000000001,609.033,609.812,609.361,607.753,607.34,608.318,608.28,607.919,608.315,607.868,608.627,608.332,606.9730000000001,607.558,607.81,608.236,607.786,606.5269999999999,609.064,608.617,608.8480000000001,608.175
485.25,1941.0,608.4259999999999,608.6659999999999,608.696,608.545,608.34,610.9119999999999,608.101,608.316,608.716,608.342,609.427,607.932,610.0830000000001,608.154,608.716,607.857,609.357,609.938,608.283,607.529,607.815,607.474,607.501,607.511,607.785,607.269,609.5930000000001,609.2719999999999,609.465,608.2869999999999,607.727,607.976,607.764,607.595,608.315,608.1080000000001,608.198,608.0509999999999,607.0740000000001,607.308,607.2090000000001,,608.832,607.7230000000001,609.429,608.763,608.265,607.367
485.5,1942.0,608.328,608.357,607.888,607.969,608.575,610.4259999999999,607.799,609.0880000000001,608.719,608.246,608.5930000000001,607.852,609.325,608.237,608.4590000000001,607.88,608.539,608.765,608.376,606.9169999999999,607.414,607.63,607.631,608.273,607.382,607.4730000000001,609.302,609.893,608.943,608.636,607.278,608.388,608.354,607.8330000000001,608.864,607.762,608.567,608.786,607.7280000000001,607.5409999999999,607.9680000000001,,608.089,607.931,608.5419999999999,609.203,608.5409999999999,607.5219999999999
485.75,1943.0,607.589,608.081,608.695,607.618,607.739,610.321,607.7230000000001,608.376,608.352,608.68,608.531,608.556,609.565,608.411,608.3430000000001,608.395,608.497,608.945,607.8240000000001,607.139,608.004,607.519,607.438,607.947,607.138,607.6419999999999,609.009,608.996,609.9209999999999,608.121,607.585,608.648,607.821,607.212,608.5409999999999,608.072,608.36,608.356,607.76,607.082,607.898,,608.432,607.783,608.788,608.34,608.635,608.325
486.0,1944.0,608.222,607.8919999999999,607.974,608.668,608.012,610.07,607.456,608.595,608.592,608.0269999999999,609.351,607.757,609.74,607.913,607.586,607.8380000000001,608.404,608.501,607.413,606.974,607.61,607.766,607.5409999999999,607.695,608.205,607.6419999999999,608.899,608.9490000000001,609.2230000000001,608.466,608.288,608.786,607.443,607.6080000000001,608.668,608.43,607.985,609.212,607.31,607.097,607.702,,608.7769999999999,607.244,608.47,608.464,608.86,607.711
486.25,1945.0,608.664,607.347,608.3969999999999,608.377,607.506,610.274,607.673,607.856,609.001,608.63,608.8919999999999,608.173,610.072,608.1569999999999,607.98,608.193,609.436,609.474,608.154,606.9730000000001,607.765,607.399,609.077,607.648,608.182,607.936,608.896,609.322,609.7,607.914,608.26,608.85,608.622,607.331,608.5419999999999,608.265,608.023,607.997,606.575,607.091,608.0830000000001,,609.206,607.1469999999999,608.71,608.364,608.825,608.062
486.5,1946.0,607.74,608.104,607.717,608.225,607.302,610.0409999999999,607.465,608.7669999999999,608.256,609.0219999999999,608.51,607.097,609.127,607.538,608.125,608.486,608.742,609.03,608.141,607.589,608.159,607.589,607.663,608.156,607.827,607.034,609.0830000000001,608.914,609.106,607.925,607.656,608.433,607.885,606.831,608.545,608.367,607.445,608.616,606.889,607.814,607.808,,608.179,606.924,608.396,609.002,607.8969999999999,608.0269999999999
486.75,1947.0,608.45,607.51,608.836,607.446,607.891,610.34,607.331,608.1759999999999,607.881,608.573,608.487,607.816,609.349,608.7909999999999,608.317,608.6569999999999,608.71,609.099,608.578,607.54,608.109,607.995,607.956,607.946,607.497,606.849,608.923,608.982,609.359,608.594,608.106,608.488,607.592,607.396,609.47,607.9540000000001,608.403,608.243,607.492,606.623,608.043,,607.715,606.819,608.631,608.7819999999999,608.806,608.371
487.0,1948.0,608.789,607.77,608.5169999999999,607.314,608.2280000000001,609.95,607.682,608.354,607.862,608.364,609.1469999999999,607.43,610.039,608.097,608.035,608.376,608.505,608.544,607.979,607.2669999999999,607.502,607.5419999999999,607.217,607.757,607.195,608.0459999999999,609.57,609.444,609.382,608.373,607.4209999999999,609.131,608.091,607.886,608.47,607.452,608.16,608.021,607.308,607.225,608.764,,607.664,607.294,608.904,609.368,608.65,607.656
487.25,1949.0,608.349,607.509,607.934,608.364,608.062,609.81,608.016,608.305,607.909,608.059,608.818,607.315,610.26,608.59,608.355,608.3,609.019,609.285,608.1030000000001,608.057,608.247,607.195,607.57,607.594,608.145,607.504,608.803,608.47,609.288,609.114,607.971,608.928,607.964,607.4159999999999,608.136,608.249,608.315,608.634,607.508,606.798,608.043,,608.5,607.4680000000001,608.768,608.891,608.274,607.404
487.5,1950.0,608.06,607.961,608.429,607.908,607.116,610.512,607.645,608.693,608.056,608.13,609.321,607.621,609.862,608.008,608.136,608.4159999999999,608.5,609.097,608.54,607.009,607.8919999999999,608.021,607.7180000000001,607.49,608.025,607.701,608.866,609.124,609.332,608.655,607.245,609.186,607.993,606.665,608.5269999999999,607.72,608.414,608.757,607.319,606.7819999999999,608.361,,608.779,607.821,608.898,608.762,608.931,608.124
487.75,1951.0,607.992,607.799,608.3480000000001,608.423,607.945,609.92,607.619,608.0319999999999,607.475,608.7869999999999,609.1030000000001,607.521,610.069,608.795,609.104,607.851,609.325,608.665,608.0880000000001,607.613,607.744,607.96,607.625,607.506,607.6669999999999,607.494,609.5319999999999,609.611,609.2230000000001,608.826,607.7330000000001,608.401,607.915,607.562,608.361,607.766,607.485,609.0740000000001,606.906,607.189,608.4169999999999,608.6659999999999,608.251,606.751,608.414,608.835,607.76,607.741
488.0,1952.0,607.993,608.535,608.002,607.984,607.799,609.784,607.754,608.648,608.039,608.429,608.8,607.815,609.943,607.706,608.252,608.32,608.616,609.082,608.13,607.092,607.529,607.506,608.283,607.094,607.7,607.539,608.616,609.944,609.44,608.7719999999999,607.235,608.489,608.183,607.105,608.396,608.112,608.086,608.648,607.124,606.364,607.408,608.523,607.8340000000001,606.9830000000001,608.24,608.956,608.317,608.66
488.25,1953.0,607.764,607.997,608.39,608.252,608.4259999999999,609.758,607.446,608.823,607.581,608.177,609.049,607.648,610.087,608.51,608.256,609.576,608.4540000000001,608.534,607.122,607.314,607.411,607.764,607.377,607.814,608.539,608.082,609.254,609.525,609.918,608.163,607.497,608.415,607.643,606.735,608.49,607.31,607.2180000000001,608.77,607.066,607.62,608.03,608.697,607.942,607.924,608.341,608.472,608.8,608.867
488.5,1954.0,608.276,607.775,608.2959999999999,608.435,608.117,610.311,607.7080000000001,607.9119999999999,607.85,608.054,608.582,607.22,609.749,608.604,607.702,608.354,609.503,608.743,607.962,606.711,607.456,607.887,608.391,607.994,607.8380000000001,607.049,608.443,608.965,609.684,608.538,607.7919999999999,608.755,608.476,607.124,609.0219999999999,608.089,607.828,608.605,607.086,607.365,608.02,608.555,608.1030000000001,607.2,608.03,608.543,608.105,608.345
488.75,1955.0,608.258,608.242,607.659,607.81,607.535,609.855,607.151,609.184,607.802,608.034,609.133,607.673,610.635,608.985,608.469,608.164,608.994,608.6619999999999,607.6,607.12,607.726,606.872,608.055,607.831,607.7719999999999,608.548,609.05,608.707,609.293,609.04,607.2719999999999,608.606,608.177,607.422,608.6419999999999,607.641,608.313,608.568,607.191,606.623,608.005,608.369,608.38,607.485,608.466,608.737,607.763,607.9830000000001
489.0,1956.0,607.9680000000001,607.7819999999999,608.602,608.355,608.431,609.996,607.503,608.751,607.778,607.703,608.415,608.055,609.759,608.638,607.7869999999999,609.1469999999999,609.163,609.2959999999999,608.2769999999999,607.663,608.1419999999999,607.179,607.987,607.7669999999999,607.055,607.317,609.4590000000001,609.254,609.559,608.278,607.8580000000001,609.029,607.788,607.592,608.543,607.091,607.861,609.2919999999999,607.6659999999999,607.0509999999999,608.6,607.813,608.5269999999999,607.023,608.12,608.431,608.469,608.1469999999999
489.25,1957.0,607.918,608.173,609.131,607.85,607.303,609.05,607.883,608.936,607.863,608.0930000000001,608.679,607.919,610.238,608.789,608.4159999999999,609.398,607.9680000000001,609.554,607.809,607.581,607.664,607.075,607.891,607.444,607.511,607.688,608.615,609.2330000000001,609.16,608.6669999999999,607.745,608.923,608.229,607.095,608.347,608.68,607.592,608.602,606.742,606.823,608.738,608.069,609.044,607.695,608.8919999999999,608.3380000000001,608.663,608.114
489.5,1958.0,608.109,607.639,608.499,608.129,608.516,609.601,607.4069999999999,609.482,608.589,607.812,608.818,608.27,610.344,608.6990000000001,608.294,608.1759999999999,608.812,609.131,608.25,607.205,607.915,607.415,607.743,608.033,607.587,607.9630000000001,609.124,609.099,609.715,608.0930000000001,607.591,608.936,608.366,607.3969999999999,609.049,608.315,607.955,609.403,607.445,607.311,607.315,607.58,609.4490000000001,607.089,608.034,608.467,608.933,607.985
489.75,1959.0,607.424,608.056,608.798,608.159,608.678,609.422,607.863,608.776,608.131,607.714,609.189,608.146,610.615,609.631,608.423,609.364,607.908,608.711,608.097,607.061,607.469,607.64,607.986,607.6569999999999,607.366,608.1669999999999,608.97,608.872,609.564,608.703,608.099,609.202,608.591,607.5790000000001,608.357,608.368,607.849,609.465,606.807,607.009,608.128,608.836,608.217,607.4780000000001,608.477,608.462,608.9069999999999,607.6569999999999
490.0,1960.0,608.082,607.785,608.643,607.961,607.97,609.206,608.081,608.415,607.962,608.19,609.43,608.135,609.376,608.832,608.691,608.786,608.435,609.006,607.675,606.554,608.373,607.516,607.903,607.146,608.148,608.514,608.9119999999999,608.966,609.547,608.115,608.18,608.76,608.36,607.607,608.3580000000001,608.029,608.13,609.07,606.877,606.738,608.182,608.319,608.438,607.508,608.476,608.55,607.677,608.565
490.25,1961.0,608.354,607.832,607.504,608.409,608.237,610.205,607.138,608.683,607.7130000000001,608.466,609.116,607.113,610.019,608.925,608.496,609.033,607.865,609.325,607.465,606.929,607.456,607.4119999999999,608.43,607.82,608.029,607.345,608.239,608.935,609.521,608.374,607.139,608.894,607.635,607.826,608.877,608.344,608.003,608.705,607.253,606.669,608.936,608.618,608.11,607.69,608.559,607.797,608.342,608.145
490.5,1962.0,607.946,607.924,608.501,607.768,609.28,609.225,608.436,608.073,607.98,607.715,608.755,607.953,609.439,609.609,607.754,609.165,607.706,608.64,607.319,607.822,607.807,607.235,607.7919999999999,608.019,608.784,607.284,608.9490000000001,610.107,609.366,608.447,607.436,609.62,608.612,608.325,608.807,607.477,608.49,608.679,606.901,606.832,608.72,608.7180000000001,608.37,607.0880000000001,607.827,608.452,608.799,607.534
490.75,1963.0,608.6669999999999,608.41,608.065,607.27,608.191,608.882,608.481,608.471,608.179,608.054,608.575,607.844,609.795,608.92,607.74,609.1519999999999,608.25,609.398,607.505,607.577,607.419,607.155,608.314,608.011,608.214,608.466,609.411,609.375,609.42,608.592,606.9119999999999,608.536,607.864,607.491,608.842,608.495,607.748,608.519,608.189,606.1709999999999,609.15,608.738,607.919,608.075,607.725,608.257,608.304,607.8480000000001
491.0,1964.0,607.6419999999999,608.285,608.375,607.566,608.38,609.434,608.043,608.531,607.754,608.0219999999999,608.622,607.564,610.087,609.097,608.4209999999999,608.347,607.8009999999999,609.246,607.0930000000001,608.0,608.235,607.587,607.665,608.1619999999999,608.367,607.887,608.854,609.327,608.89,608.437,607.188,609.271,607.623,607.8009999999999,608.59,607.875,608.3480000000001,609.2959999999999,607.073,606.695,608.319,608.097,608.628,606.692,608.07,608.222,607.941,608.445
491.25,1965.0,608.288,607.79,608.554,608.257,608.857,609.0369999999999,607.43,609.145,608.195,608.008,608.944,607.653,610.095,608.2819999999999,607.499,608.524,608.684,609.828,607.467,607.722,608.168,608.203,607.946,608.034,608.34,608.332,609.614,609.044,608.306,608.7080000000001,607.625,608.965,607.947,607.5369999999999,608.45,608.0,607.595,608.9590000000001,607.4209999999999,606.904,608.637,607.568,608.231,607.242,608.1519999999999,608.376,608.068,608.2919999999999
491.5,1966.0,608.663,607.869,609.0219999999999,607.27,608.571,608.395,608.061,608.677,607.9069999999999,608.502,609.326,607.42,610.154,609.22,607.856,608.533,608.373,608.494,607.863,608.352,608.408,607.387,607.748,607.863,608.3530000000001,608.3580000000001,608.615,609.2,608.966,608.165,607.3430000000001,608.565,608.24,607.757,609.04,607.332,608.111,609.066,607.8530000000001,606.496,608.821,607.893,608.619,606.7869999999999,607.516,607.3340000000001,608.955,607.836
491.75,1967.0,608.345,607.691,607.986,607.734,608.922,609.434,609.432,608.351,607.4590000000001,607.702,609.531,607.7819999999999,609.5509999999999,608.535,607.867,609.024,608.904,609.914,607.749,607.5930000000001,607.112,607.594,607.888,607.081,608.095,607.679,609.24,609.894,609.308,608.825,607.168,609.374,607.618,606.975,608.4019999999999,608.187,607.274,608.4169999999999,607.357,606.431,608.389,608.5880000000001,608.975,607.414,607.7819999999999,607.485,608.86,607.8290000000001
492.0,1968.0,607.5369999999999,608.3919999999999,608.124,607.073,608.545,608.7719999999999,607.385,608.645,607.239,608.656,608.509,608.396,609.9209999999999,608.616,608.446,608.849,609.091,609.381,607.5419999999999,608.064,608.5169999999999,607.932,608.1419999999999,607.805,607.62,608.232,608.896,609.38,608.839,607.9730000000001,608.393,609.137,607.703,607.613,609.178,607.4580000000001,607.8430000000001,608.805,607.464,606.6519999999999,608.942,608.047,608.552,608.0980000000001,607.952,608.78,608.461,607.87
492.25,1969.0,607.7,607.779,608.486,608.638,608.143,608.439,608.009,608.097,608.306,607.86,608.592,607.743,608.786,608.377,608.2909999999999,608.835,609.2819999999999,608.735,607.621,607.637,608.274,606.915,607.534,607.445,609.145,607.967,608.854,609.251,608.705,608.39,607.344,608.398,607.51,608.03,608.592,608.14,607.984,608.648,607.2769999999999,606.806,608.663,608.509,607.971,607.487,608.4,608.243,609.028,607.539
492.5,1970.0,608.094,608.281,608.826,608.089,608.375,608.0980000000001,608.053,608.484,607.194,608.28,608.75,608.129,609.221,608.612,607.967,608.859,608.9209999999999,609.465,607.832,608.309,608.054,607.387,608.089,607.389,608.587,608.212,608.908,609.8009999999999,609.477,609.024,606.773,608.96,607.424,607.705,608.6759999999999,608.2180000000001,607.444,608.729,606.628,607.118,609.28,607.875,607.868,607.369,608.055,607.529,608.461,608.229
492.75,1971.0,607.966,607.899,608.357,607.965,609.04,608.836,608.153,608.3240000000001,607.883,607.697,609.005,607.381,609.814,608.065,608.2909999999999,608.806,607.878,608.456,608.559,607.786,607.9590000000001,607.822,607.83,608.335,608.467,607.369,608.908,608.769,609.887,608.03,607.966,607.872,607.8330000000001,607.254,608.443,607.936,607.928,608.4490000000001,607.819,607.806,608.399,607.592,607.6659999999999,607.575,608.621,608.101,608.095,607.819
493.0,1972.0,607.615,608.268,608.232,607.9,609.286,609.076,607.398,609.071,607.231,608.169,608.494,607.673,609.46,608.264,608.436,608.415,608.232,608.604,608.121,608.185,607.66,607.9,608.32,607.547,608.87,607.705,608.724,609.304,608.915,608.8530000000001,608.053,609.163,608.055,607.59,608.672,608.559,607.793,608.556,606.93,607.427,608.961,609.015,608.192,607.133,608.091,607.9540000000001,608.448,607.803
493.25,1973.0,608.448,607.859,608.0980000000001,607.5369999999999,609.172,609.038,608.938,608.515,607.352,608.163,609.113,608.626,609.658,608.661,607.873,608.6619999999999,607.754,608.89,608.382,607.523,608.1030000000001,606.937,607.518,607.549,608.242,607.9780000000001,608.012,609.438,608.419,608.448,607.509,609.54,608.528,608.091,608.398,609.388,607.8580000000001,609.049,607.131,607.37,608.761,608.389,607.771,606.9069999999999,608.5880000000001,607.701,607.94,607.7909999999999
493.5,1974.0,608.5169999999999,607.552,608.8009999999999,608.2909999999999,609.053,608.615,609.281,608.156,607.868,607.216,608.6419999999999,608.656,608.779,608.289,608.4590000000001,608.232,608.925,608.81,607.96,607.964,607.939,607.548,607.445,608.009,608.489,608.253,608.266,609.038,609.192,608.533,607.79,608.4159999999999,608.0830000000001,607.7090000000001,608.59,608.191,608.865,607.936,607.35,606.643,608.96,607.999,607.94,606.906,608.451,607.755,608.3969999999999,607.258
493.75,1975.0,607.942,609.609,608.9730000000001,607.743,608.908,608.2719999999999,608.163,608.109,608.2090000000001,608.461,608.563,608.268,609.323,607.923,608.596,608.48,608.812,608.502,608.029,608.169,608.423,607.5840000000001,607.389,608.372,608.076,608.436,608.979,609.739,609.476,608.785,606.822,608.6,608.5,608.202,608.988,607.984,609.95,609.406,607.605,606.724,608.7130000000001,607.91,608.306,607.269,607.446,607.862,608.431,607.685
494.0,1976.0,607.515,607.398,608.41,608.235,609.0,608.7180000000001,608.054,607.726,607.859,608.857,608.82,608.175,609.827,607.941,607.6,608.944,608.276,608.594,607.691,608.8969999999999,607.806,607.794,607.89,608.484,608.169,608.241,608.178,609.361,610.062,608.867,608.107,608.5790000000001,607.856,607.61,608.653,607.615,607.664,608.6080000000001,607.398,607.445,608.3330000000001,607.981,607.878,608.19,607.273,607.697,607.505,607.8480000000001
494.25,1977.0,608.048,607.751,608.802,607.8480000000001,608.99,608.639,608.45,607.503,608.117,608.236,608.1519999999999,608.196,608.935,608.629,607.9730000000001,608.685,608.637,609.0459999999999,607.93,609.058,607.46,607.872,607.827,607.815,608.855,608.072,608.817,608.443,609.264,608.406,608.16,607.922,608.505,607.88,608.937,608.335,607.452,608.279,606.997,606.846,608.362,608.211,607.246,607.8480000000001,607.9159999999999,607.38,607.878,608.214
494.5,1978.0,608.5930000000001,608.558,608.141,608.064,608.828,609.7330000000001,607.995,607.689,608.068,608.239,608.924,608.197,609.831,607.618,608.113,608.514,609.337,608.655,607.3,608.506,607.644,607.798,607.251,607.346,608.284,608.265,608.482,609.002,608.381,608.6659999999999,607.384,608.0409999999999,608.24,607.694,608.2769999999999,608.578,608.2280000000001,608.775,607.661,607.215,608.2719999999999,608.5409999999999,608.1080000000001,607.845,608.268,607.635,607.163,608.238
494.75,1979.0,608.123,607.997,608.6669999999999,607.8290000000001,609.607,608.688,608.811,607.6469999999999,608.602,608.484,608.235,608.3290000000001,609.7669999999999,608.908,608.453,608.236,608.248,608.69,607.447,608.1,608.547,607.355,608.009,608.102,608.53,607.773,608.414,608.996,608.609,608.9259999999999,607.771,608.535,608.5419999999999,608.0509999999999,609.0269999999999,608.493,607.033,608.707,607.5419999999999,607.155,608.633,608.201,609.049,607.695,608.467,608.034,607.077,608.002
495.0,1980.0,607.788,608.22,608.619,607.431,608.717,609.6759999999999,608.739,607.776,608.092,607.565,608.4590000000001,607.663,609.289,607.467,607.629,608.203,608.633,609.028,608.696,608.181,608.325,608.003,608.117,608.071,608.3969999999999,608.386,608.104,609.121,609.193,608.242,607.582,608.572,608.31,607.514,607.688,608.549,608.15,608.8919999999999,607.842,607.7090000000001,607.747,607.595,607.756,607.656,607.173,607.884,607.3430000000001,607.941
495.25,1981.0,607.756,607.567,608.153,608.506,608.5369999999999,608.466,608.319,607.073,607.575,607.681,608.734,607.909,609.2719999999999,608.53,608.1709999999999,607.918,607.935,608.128,607.942,608.254,607.913,607.644,607.932,608.35,608.633,607.7919999999999,608.408,609.148,608.66,608.34,606.802,608.91,608.077,607.955,608.639,608.2909999999999,607.661,608.539,608.268,606.109,607.795,608.862,607.941,607.768,607.931,608.28,607.689,606.881
495.5,1982.0,608.17,607.868,608.129,607.9730000000001,609.113,609.493,608.966,607.122,607.966,607.4680000000001,608.087,608.606,608.614,609.018,608.175,608.256,608.002,608.65,607.9580000000001,608.302,608.336,608.403,607.374,608.503,608.424,608.054,608.543,609.189,609.214,607.81,607.697,608.177,608.344,607.6659999999999,608.328,608.066,607.6659999999999,608.724,608.068,607.5509999999999,608.871,607.1619999999999,608.423,607.738,607.763,608.1569999999999,607.828,608.0409999999999
495.75,1983.0,607.7090000000001,607.9,608.547,607.263,609.146,609.5740000000001,609.137,608.639,607.905,608.191,608.2769999999999,608.384,609.6569999999999,608.797,608.23,608.252,608.871,607.9580000000001,608.0369999999999,608.895,608.12,607.279,607.908,608.47,608.534,607.484,608.995,609.313,608.9259999999999,608.286,607.257,608.38,608.145,607.554,607.928,608.4730000000001,608.305,608.2080000000001,606.879,607.278,608.235,608.0790000000001,608.252,607.06,607.797,607.86,608.854,607.69
496.0,1984.0,608.439,607.423,609.367,607.609,608.7909999999999,608.884,608.369,607.784,607.865,608.224,607.9490000000001,608.378,608.766,608.6759999999999,608.7080000000001,607.9169999999999,608.45,607.9590000000001,608.347,609.578,607.33,607.238,607.2280000000001,608.244,608.375,608.263,608.434,609.525,608.964,608.009,608.288,607.905,608.3580000000001,607.691,608.526,607.812,608.313,608.413,607.627,607.432,608.91,608.518,608.268,607.501,607.798,606.881,607.9780000000001,607.39
496.25,1985.0,608.369,607.712,608.74,608.144,607.7959999999999,608.6669999999999,609.102,608.036,608.155,608.065,608.1759999999999,607.498,609.03,608.644,607.944,608.0269999999999,608.1080000000001,608.347,607.693,608.236,608.304,607.819,607.694,608.485,608.115,607.867,608.617,609.212,608.479,608.5,607.44,608.803,609.3430000000001,607.818,608.55,608.6030000000001,607.595,608.506,607.112,606.9490000000001,608.624,608.424,608.664,607.066,607.378,607.648,608.255,607.69
496.5,1986.0,607.66,607.351,609.262,607.494,609.786,608.42,608.748,608.172,607.933,607.364,608.696,608.45,608.929,608.178,607.753,608.127,608.9,608.099,608.1,608.747,607.6469999999999,606.876,607.558,608.83,608.408,608.115,608.596,608.898,609.009,608.055,607.6709999999999,608.518,608.345,607.901,608.651,608.4209999999999,607.741,608.196,607.809,607.611,607.913,607.935,607.7959999999999,607.4259999999999,607.899,607.9169999999999,607.2180000000001,607.359
496.75,1987.0,607.86,607.202,608.12,607.435,608.555,609.014,608.31,607.69,608.484,607.868,608.414,608.034,608.867,609.109,608.049,608.029,609.014,608.435,608.382,609.0790000000001,608.145,607.87,608.039,608.966,608.262,607.695,608.992,608.872,608.435,607.587,607.295,608.539,608.97,607.4259999999999,608.867,609.126,607.822,608.878,607.7080000000001,607.239,608.087,608.295,608.785,607.783,606.866,607.7769999999999,608.555,607.156
497.0,1988.0,607.7330000000001,608.495,608.702,607.573,608.775,608.74,608.806,608.048,608.548,608.286,608.0840000000001,607.779,609.319,608.677,607.761,607.452,608.549,607.99,607.752,608.377,608.091,607.618,607.281,608.846,608.948,607.597,607.612,609.193,608.3290000000001,607.731,607.119,608.335,609.113,607.52,608.749,608.185,607.888,608.493,607.734,607.1759999999999,608.984,608.533,607.967,608.278,607.467,607.5409999999999,608.5319999999999,607.507
497.25,1989.0,608.206,607.361,608.904,607.817,608.4019999999999,609.058,608.336,607.992,607.751,607.367,607.554,607.928,610.034,607.7669999999999,608.891,608.049,607.707,607.941,608.335,608.246,608.077,608.0509999999999,607.327,609.0,608.0880000000001,608.27,609.1669999999999,609.0980000000001,608.582,608.085,607.263,607.3430000000001,608.477,607.525,607.889,607.656,607.59,607.695,607.882,607.315,607.88,607.7040000000001,608.053,607.905,607.5369999999999,608.447,608.048,607.438
497.5,1990.0,608.33,607.3480000000001,608.745,607.457,608.752,608.562,608.065,607.661,608.4119999999999,607.634,607.9069999999999,608.78,609.061,608.28,608.332,608.566,608.393,608.177,608.406,608.919,608.27,607.953,607.7869999999999,607.986,607.6519999999999,608.8290000000001,608.59,608.919,608.903,608.013,607.521,608.4490000000001,608.514,607.563,608.3380000000001,607.659,607.616,608.0419999999999,607.654,607.164,608.357,608.379,607.447,607.859,607.962,607.971,608.757,608.323
497.75,1991.0,607.6990000000001,607.08,608.751,607.5269999999999,608.0319999999999,608.859,608.729,607.891,607.883,607.778,608.312,608.0409999999999,609.288,607.806,607.123,608.159,607.724,607.786,608.386,608.469,608.184,607.271,607.521,607.964,608.2040000000001,607.705,608.682,609.175,608.654,608.133,607.715,608.264,608.738,606.925,608.9580000000001,608.371,607.314,607.972,607.559,606.682,609.061,607.826,608.033,611.3919999999999,607.7909999999999,608.003,608.798,608.106
498.0,1992.0,608.321,608.111,607.396,607.854,607.896,608.312,608.306,608.113,608.1,607.678,608.075,607.855,609.752,608.019,608.163,608.22,608.46,607.35,607.7090000000001,608.4630000000001,607.491,607.743,607.352,608.339,608.423,608.3340000000001,608.893,608.683,608.5740000000001,608.17,608.091,607.932,609.352,607.9019999999999,608.893,608.405,608.0980000000001,607.752,607.163,607.086,608.862,608.196,607.5,607.694,607.36,607.516,608.039,607.827
498.25,1993.0,609.106,608.299,607.764,607.609,608.1469999999999,608.224,608.4169999999999,607.615,607.799,607.174,608.6659999999999,607.7230000000001,609.128,608.094,607.764,607.558,608.524,608.106,607.994,608.127,607.651,608.315,608.415,608.302,608.047,607.1519999999999,608.643,608.511,608.149,608.164,607.969,608.548,608.3430000000001,607.525,608.556,608.156,607.884,608.336,607.4580000000001,606.905,608.375,608.3009999999999,607.9119999999999,607.911,607.74,608.0169999999999,607.754,607.904
498.5,1994.0,607.626,607.342,607.692,607.814,607.976,608.341,608.2819999999999,608.249,608.215,606.896,608.23,608.893,608.889,608.492,607.625,608.043,609.125,607.8380000000001,607.9119999999999,608.6469999999999,608.221,607.196,607.922,608.837,608.9169999999999,608.606,608.638,609.01,607.832,608.131,607.6759999999999,607.5459999999999,609.0790000000001,607.435,608.415,608.015,607.862,608.3380000000001,607.748,606.868,608.695,608.726,608.121,607.817,607.886,607.9630000000001,608.4169999999999,608.497
498.75,1995.0,608.128,608.153,608.058,607.2,608.722,608.239,609.0169999999999,607.246,607.8530000000001,608.2909999999999,607.665,607.744,609.0980000000001,608.389,608.073,608.298,608.871,608.11,607.559,608.639,608.391,607.663,607.803,609.313,607.631,607.878,608.438,607.955,608.524,608.722,607.936,607.766,609.189,607.484,609.1080000000001,608.124,608.4,608.284,607.596,606.418,608.861,607.795,608.406,607.275,607.496,608.1569999999999,608.187,608.384
499.0,1996.0,608.112,607.359,607.935,607.53,607.7040000000001,608.024,608.34,607.786,607.793,607.8380000000001,608.1669999999999,608.194,608.8380000000001,608.211,607.82,607.5409999999999,608.576,608.2959999999999,608.135,608.398,607.773,608.486,607.122,608.765,608.006,607.44,607.548,609.514,608.85,608.311,607.757,607.396,608.308,607.5880000000001,608.941,607.995,607.851,607.513,607.521,607.3430000000001,608.191,608.345,607.712,607.227,608.05,607.765,607.7080000000001,607.9780000000001
499.25,1997.0,608.597,607.618,608.075,607.559,607.201,608.506,607.7040000000001,607.859,608.1569999999999,608.053,608.055,607.758,609.469,608.008,607.716,608.202,608.474,607.727,608.161,608.8290000000001,608.548,607.6669999999999,607.427,607.828,608.318,607.568,608.2,609.148,608.222,608.109,607.5980000000001,607.511,608.826,607.616,609.003,607.839,608.639,607.849,608.113,607.656,609.113,608.318,607.564,607.6469999999999,607.65,608.496,608.544,607.6669999999999
499.5,1998.0,608.9019999999999,606.7280000000001,607.341,607.748,608.059,607.857,607.5840000000001,607.966,607.814,607.56,607.649,607.862,608.552,607.984,607.986,608.087,608.576,607.98,607.731,608.559,608.39,607.85,608.252,608.623,607.93,608.849,608.564,609.216,608.331,607.631,608.043,608.515,609.376,607.485,608.322,608.172,607.544,607.944,607.055,607.783,608.79,607.332,607.9069999999999,607.4159999999999,607.413,608.047,608.415,607.466
499.75,1999.0,608.341,607.236,608.009,607.524,608.039,608.357,607.948,607.558,607.89,608.117,608.064,607.464,608.957,608.3340000000001,608.19,608.141,608.304,607.134,608.425,607.799,608.062,607.5930000000001,608.063,608.691,608.712,607.985,608.024,609.09,608.815,608.596,608.089,607.712,608.7959999999999,607.394,608.868,607.774,607.61,608.184,608.0830000000001,607.341,608.976,607.769,608.013,607.494,607.363,608.406,608.169,607.653
500.0,2000.0,608.26,607.156,608.351,607.2719999999999,607.71,608.58,607.821,608.1,608.0319999999999,608.024,607.9780000000001,607.0840000000001,608.867,608.375,608.078,607.195,608.131,607.771,608.398,608.28,607.356,607.411,608.173,608.441,608.126,608.474,608.578,608.822,608.748,608.155,607.732,607.387,609.408,607.076,609.188,608.196,607.539,608.155,607.839,607.467,609.295,608.0,606.868,608.73,607.609,607.722,608.516,608.895
500.25,2001.0,608.663,607.71,607.878,607.389,608.251,608.273,607.876,607.265,608.212,608.117,608.383,608.356,608.987,608.51,607.683,607.419,608.117,608.0509999999999,608.177,608.365,607.4780000000001,606.938,607.5269999999999,608.05,608.225,607.693,608.7669999999999,608.237,608.712,608.303,608.779,607.7869999999999,609.793,608.211,608.5840000000001,608.783,608.053,608.039,607.193,607.553,609.286,607.394,607.854,606.996,608.128,608.927,608.249,607.6619999999999
500.5,2002.0,608.856,607.993,608.127,607.886,607.698,608.852,607.732,608.544,608.0509999999999,608.484,607.742,608.368,608.707,608.444,607.757,607.7,608.359,607.564,608.248,608.384,607.776,607.732,607.596,608.323,608.4069999999999,607.996,608.158,608.605,608.506,608.474,607.618,607.951,608.923,608.06,608.882,608.321,608.813,608.064,607.435,606.816,608.452,608.302,607.357,607.215,608.057,608.4119999999999,608.658,607.6030000000001
500.75,2003.0,608.555,608.364,608.24,607.35,607.778,608.319,607.893,608.1030000000001,607.903,607.891,608.057,608.74,608.702,608.013,608.491,607.474,609.155,608.101,608.2090000000001,608.775,607.244,607.475,607.377,608.3580000000001,608.355,607.498,608.246,608.146,607.995,608.773,607.3480000000001,608.185,609.001,608.444,608.7869999999999,607.571,608.025,608.0790000000001,606.87,608.15,608.798,607.515,607.347,607.531,608.126,608.534,607.698,607.8
501.0,2004.0,608.149,608.015,608.7080000000001,607.737,608.434,608.391,607.425,607.8330000000001,608.257,608.297,608.056,607.964,609.2819999999999,608.7330000000001,608.1,607.725,608.753,607.765,608.635,606.933,607.812,607.625,607.364,608.628,608.113,607.661,609.17,608.674,608.409,608.5980000000001,607.525,607.182,608.614,608.394,608.72,608.627,608.026,607.776,606.822,607.295,608.9490000000001,607.821,608.3480000000001,607.365,608.327,607.95,608.276,608.597
501.25,2005.0,608.572,608.101,607.817,607.727,608.085,607.756,,607.618,607.503,607.779,608.9209999999999,607.9580000000001,609.094,608.491,608.243,607.985,608.8969999999999,607.461,608.461,608.364,607.889,607.528,607.99,608.078,607.947,608.138,608.97,608.9119999999999,608.312,609.0409999999999,608.158,607.568,609.072,607.75,608.641,607.802,607.036,607.889,607.321,607.802,608.556,608.248,607.5369999999999,608.221,608.3969999999999,607.776,608.092,608.7869999999999
501.5,2006.0,608.341,607.823,607.8380000000001,607.66,608.444,607.761,607.797,608.203,608.5,607.9119999999999,608.137,608.071,608.484,607.97,607.997,607.237,608.7819999999999,607.721,608.288,608.038,607.668,607.507,607.5459999999999,607.802,607.903,608.373,608.68,608.0169999999999,608.987,608.4630000000001,607.564,608.168,608.59,607.172,608.506,607.663,608.013,608.2869999999999,607.816,607.005,608.764,608.163,607.069,607.497,608.069,607.651,608.09,607.878
501.75,2007.0,608.07,607.026,607.533,608.197,607.729,609.044,607.864,607.825,608.438,608.121,607.364,608.0319999999999,609.145,608.018,608.581,607.731,609.052,608.003,608.096,607.513,607.099,607.106,607.5419999999999,608.068,607.5269999999999,608.611,608.312,608.53,609.197,608.47,607.837,607.096,609.078,607.675,608.5409999999999,608.126,607.543,607.648,607.476,607.496,608.894,607.491,607.4209999999999,607.669,607.7769999999999,607.659,608.332,608.2230000000001
502.0,2008.0,607.769,607.864,607.812,607.219,608.149,607.812,607.626,607.847,608.034,607.7080000000001,608.231,608.8380000000001,608.994,607.929,608.1659999999999,606.825,608.195,608.373,608.759,607.706,608.895,607.48,607.649,607.629,608.43,608.302,609.425,609.2959999999999,608.8580000000001,608.341,607.211,608.126,608.435,607.521,608.19,607.969,608.021,607.188,607.238,608.497,608.5790000000001,607.952,608.472,607.7080000000001,607.965,607.5980000000001,609.011,608.65
502.25,2009.0,608.398,607.4630000000001,608.0459999999999,608.066,607.804,608.075,607.987,607.661,607.83,607.898,608.528,608.606,608.745,608.382,608.413,608.036,608.26,607.563,608.415,607.3290000000001,607.746,607.496,607.129,607.939,607.655,608.924,608.341,608.246,608.842,608.521,607.922,608.224,609.57,607.818,608.703,607.977,608.33,608.403,607.311,608.307,608.3009999999999,609.138,608.149,607.985,608.4069999999999,608.308,608.024,607.969
502.5,2010.0,608.161,607.58,608.547,607.738,608.085,608.336,607.947,607.138,607.641,607.437,608.087,607.8919999999999,608.692,607.849,608.794,608.007,608.423,607.761,609.183,608.602,608.357,608.023,607.809,607.556,607.743,607.099,609.096,608.66,608.31,608.015,607.857,607.576,609.145,608.0880000000001,608.465,608.246,607.985,608.367,606.828,607.618,608.809,607.637,607.239,607.408,607.972,608.628,608.519,608.952
502.75,2011.0,607.679,608.126,607.382,607.622,607.905,608.565,607.612,607.9580000000001,607.9069999999999,607.442,608.602,608.172,609.869,608.229,608.929,607.8919999999999,609.3240000000001,607.494,609.018,608.207,608.194,607.646,607.89,608.786,607.986,608.251,609.325,608.807,608.94,608.515,607.741,608.048,608.739,607.5459999999999,609.03,607.8919999999999,607.591,608.278,607.202,607.475,609.511,608.1030000000001,607.943,607.868,607.992,608.38,608.104,608.455
503.0,2012.0,608.128,608.0319999999999,607.5169999999999,607.194,607.852,608.586,607.957,607.432,608.406,607.357,608.313,608.214,609.1569999999999,607.849,608.7280000000001,607.46,608.873,607.8330000000001,608.9590000000001,607.74,607.877,607.278,607.734,608.526,608.195,608.35,608.758,609.26,608.828,608.145,606.888,607.384,609.261,607.935,609.1469999999999,607.813,607.712,607.304,607.623,607.289,608.2769999999999,608.119,607.761,608.029,607.681,607.987,608.174,608.509
503.25,2013.0,608.862,607.365,607.863,607.923,607.877,608.384,607.955,608.431,607.6,608.066,608.831,608.271,609.057,608.066,608.7180000000001,607.284,608.448,608.187,608.825,607.789,607.832,607.839,607.341,608.16,608.203,608.04,608.706,609.462,609.129,608.803,607.643,607.255,608.639,607.6759999999999,609.205,607.7919999999999,608.062,608.344,607.168,607.654,609.238,607.773,607.849,607.553,608.497,607.966,607.408,608.876
503.5,2014.0,608.234,608.0169999999999,608.187,607.893,607.813,608.239,608.387,607.158,607.888,608.182,608.681,607.64,608.691,607.993,608.506,607.762,609.1990000000001,607.3340000000001,609.215,607.381,608.133,607.908,608.2819999999999,607.684,608.117,607.765,608.648,609.138,608.613,607.731,607.936,607.3340000000001,609.101,607.501,608.995,607.812,607.586,607.367,607.475,608.043,609.184,607.79,607.45,607.8430000000001,608.253,608.325,608.599,608.624
503.75,2015.0,608.387,607.648,607.51,608.183,608.061,608.246,607.368,607.398,607.987,607.891,609.23,607.85,609.558,608.319,609.023,607.874,608.7330000000001,607.703,608.7909999999999,607.154,607.604,607.227,607.96,608.185,607.875,607.396,609.005,608.766,609.0169999999999,608.08,607.564,607.257,608.937,608.469,608.992,607.491,607.822,608.543,607.406,607.548,608.966,607.7919999999999,607.7869999999999,607.654,608.135,608.0830000000001,608.812,608.561
504.0,2016.0,607.831,607.7959999999999,607.9019999999999,607.806,608.154,609.332,607.636,607.854,607.451,607.621,608.293,607.443,608.874,608.229,608.701,606.738,608.918,607.2180000000001,609.048,607.684,607.722,607.621,607.624,608.069,608.359,608.255,609.1669999999999,609.124,608.886,608.4730000000001,607.497,607.512,608.69,607.776,608.914,607.747,608.04,607.6669999999999,607.817,606.391,608.505,608.125,607.486,607.174,608.42,608.159,608.371,608.425
504.25,2017.0,607.722,607.872,608.32,607.8919999999999,607.812,608.469,607.18,607.803,607.914,607.883,607.947,608.1569999999999,609.595,609.095,608.702,607.433,608.919,608.621,609.243,608.242,608.238,607.641,607.74,608.065,607.314,608.678,608.498,608.594,608.985,608.492,608.341,607.254,609.729,608.045,609.4680000000001,608.102,607.764,607.685,608.654,606.9830000000001,609.504,608.39,607.775,607.049,607.874,608.275,608.429,608.573
504.5,2018.0,608.547,607.95,607.604,608.1419999999999,607.32,608.744,607.055,608.3430000000001,607.8290000000001,607.37,608.908,608.589,609.222,608.274,609.018,607.294,608.423,607.639,608.6759999999999,607.842,609.224,608.016,607.9830000000001,607.649,607.894,607.896,609.107,609.095,608.981,608.1619999999999,608.148,607.194,608.626,607.62,608.932,607.674,607.765,607.431,607.165,607.683,608.836,607.943,607.689,607.557,608.1619999999999,608.429,607.814,609.138
504.75,2019.0,608.163,607.484,607.6619999999999,607.9540000000001,607.367,608.805,607.865,607.79,607.335,608.002,608.702,608.0419999999999,609.927,608.019,609.403,607.378,609.1030000000001,607.486,608.278,607.836,608.057,608.411,607.372,608.235,608.0169999999999,608.383,609.378,609.15,608.31,608.7869999999999,607.315,607.8580000000001,609.168,610.7919999999999,608.119,607.8290000000001,608.339,607.925,607.581,608.072,609.113,607.729,606.4590000000001,607.207,607.805,608.089,608.479,608.814
505.0,2020.0,608.558,607.526,607.622,608.2090000000001,608.247,608.9259999999999,607.985,607.938,607.73,607.341,608.623,608.007,609.531,608.653,608.3969999999999,607.778,608.746,607.745,608.761,607.9209999999999,608.34,608.201,607.644,607.932,607.841,607.649,608.937,609.011,608.5790000000001,608.816,607.789,607.37,609.069,607.596,609.991,608.064,607.899,607.732,607.752,607.861,609.702,608.748,607.901,606.99,608.075,608.2080000000001,608.1,608.635
505.25,2021.0,608.586,607.78,607.4019999999999,608.498,608.6669999999999,608.896,607.288,607.451,607.739,607.174,607.995,608.054,609.992,607.77,609.4490000000001,607.298,609.269,607.34,609.2080000000001,607.437,607.341,607.86,607.8530000000001,607.804,608.1419999999999,606.9,609.328,609.716,608.876,608.689,607.1569999999999,607.356,608.909,607.998,609.5409999999999,608.058,607.141,608.442,607.322,607.531,609.487,607.534,607.878,607.656,607.8969999999999,608.134,609.045,608.5840000000001
505.5,2022.0,608.195,607.757,607.2230000000001,607.935,607.288,609.512,607.256,608.154,608.122,607.251,608.403,608.693,609.276,608.205,608.8969999999999,607.305,608.114,609.018,608.839,607.621,607.544,608.007,607.501,608.67,607.39,608.352,608.744,609.836,608.712,608.976,607.4159999999999,607.23,608.592,608.2130000000001,609.7959999999999,608.6569999999999,608.0219999999999,608.202,606.972,607.582,609.601,607.98,608.256,606.653,607.836,609.0840000000001,607.9019999999999,609.114
505.75,2023.0,608.26,607.805,607.354,607.1469999999999,608.121,608.901,607.8380000000001,607.861,607.793,607.945,609.039,607.981,609.091,608.474,608.8380000000001,607.59,607.989,608.548,608.722,607.31,607.383,608.249,608.602,607.991,607.599,608.655,609.207,609.187,609.5980000000001,608.247,607.316,607.716,608.831,607.008,609.479,607.578,607.871,608.068,606.872,607.828,608.173,607.976,607.646,606.88,608.203,607.987,607.4259999999999,608.2869999999999
506.0,2024.0,607.991,608.422,607.885,607.507,607.8340000000001,609.659,608.368,608.081,607.97,608.181,608.65,608.394,609.398,607.714,608.944,607.149,608.74,608.1759999999999,609.145,607.351,607.8919999999999,607.794,608.0369999999999,607.805,608.2,608.506,608.5830000000001,609.378,609.434,608.455,607.474,608.002,608.26,607.785,608.66,608.481,607.784,607.609,607.637,607.531,609.587,607.981,607.4630000000001,607.0509999999999,608.437,608.696,608.479,608.567
506.25,2025.0,607.531,608.155,607.528,607.715,607.5790000000001,608.9159999999999,607.798,607.8340000000001,608.211,608.175,608.23,607.711,609.38,607.55,609.0169999999999,607.3919999999999,608.2090000000001,607.7090000000001,608.336,607.244,608.288,608.0,608.423,607.232,607.8340000000001,608.057,608.59,608.967,609.129,608.95,608.3580000000001,608.06,608.868,607.67,609.137,608.004,608.383,607.2909999999999,607.756,607.306,609.5319999999999,608.2040000000001,607.197,607.177,608.104,608.155,607.749,608.26
506.5,2026.0,607.805,607.705,608.346,608.951,607.124,609.74,607.9780000000001,607.441,607.495,608.111,608.057,607.744,609.609,608.182,608.491,607.436,608.192,608.528,609.442,607.132,607.685,607.661,608.4119999999999,608.1469999999999,608.1419999999999,607.178,608.719,609.2090000000001,609.004,608.131,607.641,607.432,609.37,607.305,609.257,608.726,607.1419999999999,607.887,607.567,607.7280000000001,609.6080000000001,607.794,607.5369999999999,606.641,608.337,608.373,609.036,608.23
506.75,2027.0,607.628,607.836,607.514,607.703,607.554,608.528,607.355,607.957,607.776,607.519,608.448,608.361,610.1569999999999,607.785,608.418,606.871,608.932,608.222,608.696,607.062,608.012,607.976,607.656,607.96,608.26,607.42,608.587,609.154,609.155,608.57,607.391,607.872,608.3580000000001,607.01,608.6659999999999,608.337,608.424,608.297,607.335,607.569,609.6669999999999,608.164,607.154,607.405,607.6659999999999,608.357,608.328,608.706
507.0,2028.0,608.036,607.922,608.254,608.635,607.547,608.063,607.8380000000001,607.569,607.069,608.3430000000001,608.2959999999999,608.134,609.597,607.94,609.399,607.775,608.2669999999999,607.9159999999999,609.315,607.173,608.0930000000001,608.009,608.122,608.62,608.682,607.513,608.78,609.336,608.8009999999999,608.5830000000001,607.776,608.0790000000001,608.144,608.055,608.66,608.1990000000001,607.184,608.37,607.596,607.364,609.197,607.836,607.125,606.982,608.018,608.284,608.956,609.11
507.25,2029.0,608.388,608.197,607.674,607.859,607.981,610.2819999999999,607.9780000000001,607.3919999999999,607.0369999999999,608.3,608.107,608.0319999999999,609.788,608.116,608.4780000000001,606.295,608.2669999999999,608.192,609.031,607.146,608.194,607.816,608.714,607.523,608.2919999999999,607.828,608.479,608.976,609.116,608.148,607.609,607.641,608.559,607.606,609.0930000000001,607.646,607.595,608.231,607.6,607.67,609.367,607.74,607.688,607.365,608.424,608.351,608.77,609.2280000000001
507.5,2030.0,607.72,608.475,607.7719999999999,608.626,607.855,608.788,607.634,607.021,607.9169999999999,609.096,608.245,607.6759999999999,608.933,608.2080000000001,608.882,606.81,608.149,608.276,609.317,607.381,607.488,607.6030000000001,608.519,607.847,607.771,607.669,608.5219999999999,609.484,608.9159999999999,609.264,606.807,608.065,608.582,607.69,608.419,608.246,607.7180000000001,608.059,607.363,607.195,609.21,607.7919999999999,607.726,607.263,608.619,608.184,608.7959999999999,608.8330000000001
507.75,2031.0,608.238,608.467,608.234,608.13,607.62,608.76,607.607,607.46,607.264,608.436,608.313,607.9830000000001,608.793,607.644,607.428,607.405,609.137,607.654,608.664,607.88,607.625,608.701,608.639,608.039,607.879,607.312,607.931,609.123,608.342,608.413,607.3580000000001,607.564,608.7040000000001,607.535,609.214,607.84,607.229,608.0419999999999,607.264,607.722,609.54,608.331,607.905,607.4590000000001,608.026,607.639,608.077,608.3530000000001
508.0,2032.0,607.905,608.089,607.465,608.322,607.494,609.058,607.429,608.687,607.936,607.884,608.781,606.8,609.83,607.887,608.207,607.194,608.633,607.131,609.0790000000001,607.307,607.685,607.695,608.099,608.135,607.919,607.649,608.967,609.06,608.768,607.839,607.766,608.025,608.35,607.462,608.909,608.2669999999999,608.385,608.226,607.248,607.752,609.813,607.739,607.518,608.16,608.215,608.1469999999999,608.668,608.7180000000001
508.25,2033.0,607.489,608.446,607.939,608.344,607.659,609.314,607.705,608.121,606.895,608.689,607.924,608.126,609.33,607.904,607.809,607.8919999999999,608.403,607.873,608.367,607.105,607.977,607.26,606.996,608.036,607.771,607.849,608.193,609.075,608.543,608.703,606.7180000000001,607.928,608.683,607.7919999999999,608.674,607.883,607.955,607.906,607.691,607.638,609.258,608.2080000000001,607.68,607.003,608.2909999999999,608.198,608.325,608.592
508.5,2034.0,608.196,607.4490000000001,607.752,607.944,607.976,609.366,608.105,608.101,607.847,607.4730000000001,608.318,607.927,609.313,607.977,607.971,607.58,608.045,607.763,608.86,606.66,607.8,607.519,608.036,608.052,607.572,607.263,608.7719999999999,608.775,608.898,608.88,607.4680000000001,608.139,608.216,607.8240000000001,609.26,607.831,607.731,607.784,607.803,607.669,609.1990000000001,607.639,607.988,607.842,609.164,608.628,608.979,608.7669999999999
508.75,2035.0,607.929,608.0269999999999,608.27,608.629,607.754,608.687,607.974,607.9069999999999,607.876,608.205,608.53,608.029,609.346,608.153,608.286,607.72,608.294,608.024,609.132,607.369,607.643,608.185,607.602,607.863,608.438,607.825,608.499,608.623,608.738,608.395,607.654,608.012,608.942,607.164,608.445,608.43,607.9630000000001,607.1469999999999,609.5840000000001,607.322,609.266,608.242,607.971,606.565,607.577,608.9630000000001,608.249,609.035
509.0,2036.0,607.855,608.352,608.0930000000001,608.275,608.149,609.138,607.3340000000001,607.915,606.736,609.0219999999999,607.9209999999999,607.289,609.788,608.0319999999999,608.328,607.261,608.122,607.649,609.127,607.266,608.39,607.996,608.028,607.894,608.64,607.966,608.387,608.88,608.804,608.045,607.85,607.948,608.5880000000001,607.219,608.5509999999999,608.345,608.064,607.9019999999999,607.501,607.117,609.181,608.073,608.034,607.1469999999999,608.462,607.9730000000001,607.988,608.806
509.25,2037.0,607.399,607.919,607.769,609.003,607.63,609.057,607.6,607.168,607.102,608.759,608.568,608.068,608.996,607.9169999999999,608.212,607.884,608.795,606.67,608.597,607.464,607.745,607.64,607.651,607.403,608.68,607.0,608.871,608.494,608.3480000000001,608.3580000000001,606.71,607.6030000000001,608.3919999999999,607.27,609.024,608.12,607.319,608.548,607.319,607.643,609.276,607.952,608.109,607.674,608.269,608.563,608.0409999999999,608.3240000000001
509.5,2038.0,607.651,607.61,607.995,608.264,608.345,608.501,607.685,607.905,608.297,608.489,608.61,608.302,609.191,607.543,608.391,607.825,608.814,607.759,608.859,606.862,608.2769999999999,606.9780000000001,607.972,607.558,607.684,607.271,608.227,609.2040000000001,608.6990000000001,608.883,607.259,608.344,608.984,607.7669999999999,608.769,607.884,607.847,608.024,607.962,607.34,608.871,608.492,607.648,607.639,607.211,607.469,608.371,608.862
509.75,2039.0,608.743,608.063,608.379,608.155,607.0880000000001,609.327,607.783,607.758,607.62,609.052,608.15,608.132,609.164,607.872,608.23,607.75,608.178,608.247,609.104,606.761,608.048,607.694,607.7080000000001,607.922,608.817,608.0419999999999,607.567,608.936,608.618,607.794,607.131,607.7080000000001,608.594,607.472,609.033,607.688,607.18,608.165,607.928,607.5459999999999,609.242,607.82,608.11,607.269,608.314,608.211,608.2180000000001,608.937
510.0,2040.0,607.675,608.67,607.678,608.091,607.7080000000001,609.08,607.355,608.043,607.411,608.122,608.465,607.5740000000001,609.423,608.047,608.059,608.0740000000001,608.4730000000001,608.266,609.274,607.429,607.634,608.0880000000001,608.221,608.59,608.837,606.849,608.631,608.297,608.516,607.961,607.009,607.7719999999999,608.684,607.83,608.206,608.182,607.128,608.5840000000001,607.572,607.143,609.477,607.447,607.766,607.434,608.028,607.855,607.819,608.779
510.25,2041.0,607.3580000000001,607.479,608.356,608.606,608.47,608.6030000000001,607.7669999999999,607.222,607.632,608.496,607.832,607.817,609.4069999999999,607.627,608.249,607.49,607.736,608.3290000000001,608.445,607.2280000000001,609.2669999999999,607.587,608.351,607.919,607.962,608.082,608.229,608.494,608.376,608.9019999999999,607.643,608.2040000000001,608.63,607.003,608.7090000000001,607.984,608.109,608.131,606.646,608.064,609.373,607.8919999999999,607.793,607.4680000000001,608.524,607.659,609.005,608.33
510.5,2042.0,607.988,608.1990000000001,607.804,608.34,608.045,608.99,607.371,609.835,606.9590000000001,607.98,608.161,607.956,609.394,608.451,607.255,608.203,608.362,608.378,608.294,607.7669999999999,608.919,607.543,607.526,607.456,607.964,607.715,607.9590000000001,608.889,608.293,608.712,607.245,608.601,608.4830000000001,607.573,607.975,608.028,607.876,607.873,607.812,607.774,609.41,607.979,608.0409999999999,607.386,608.18,607.5459999999999,608.191,608.357
510.75,2043.0,607.5840000000001,607.771,608.891,607.1,607.799,609.188,606.995,607.477,607.5930000000001,608.326,608.447,608.304,609.036,607.678,607.788,607.373,608.38,608.688,608.997,607.024,607.547,606.962,607.556,607.43,607.937,607.508,608.379,608.828,608.601,607.877,607.569,608.862,608.19,607.385,608.383,607.379,607.61,608.222,608.261,607.089,609.1709999999999,607.519,607.654,607.656,607.7819999999999,607.828,607.706,608.205
511.0,2044.0,607.7080000000001,607.686,608.638,607.915,607.681,608.852,607.5840000000001,607.377,606.794,607.587,607.78,607.795,609.2080000000001,607.863,608.585,607.904,608.694,608.2180000000001,608.947,607.21,608.036,607.391,608.072,607.735,607.866,607.822,608.888,608.868,608.814,608.127,608.076,608.721,607.599,607.45,608.193,608.477,607.8480000000001,607.814,607.837,607.0980000000001,609.1659999999999,608.097,608.089,607.0740000000001,607.925,607.763,608.1759999999999,607.864
511.25,2045.0,607.498,607.577,608.4169999999999,607.845,608.281,608.7959999999999,607.057,608.081,607.905,608.035,608.585,607.604,608.8480000000001,607.893,607.936,607.982,607.607,607.819,609.678,607.2180000000001,608.418,607.231,608.2230000000001,607.794,608.746,607.355,608.472,608.738,609.077,607.995,607.126,607.701,608.653,607.2919999999999,608.371,607.479,607.633,608.5830000000001,608.351,607.9069999999999,608.526,608.489,608.077,607.28,607.877,607.435,607.885,608.629
511.5,2046.0,607.2,607.732,608.4069999999999,608.143,608.268,608.6469999999999,607.544,607.66,606.694,607.725,608.039,608.244,608.823,607.615,608.295,608.001,608.851,608.661,609.443,607.149,608.651,607.72,607.817,607.578,608.226,607.085,608.5419999999999,608.512,608.448,608.056,607.409,608.5980000000001,608.182,607.2919999999999,608.952,607.668,608.609,607.807,607.69,607.485,608.974,607.992,607.9580000000001,607.661,607.942,607.855,607.656,608.495
511.75,2047.0,607.68,607.786,608.601,608.607,608.271,608.362,606.83,607.36,607.423,608.476,607.66,607.7330000000001,609.531,607.79,607.684,608.633,608.246,609.283,608.974,607.299,608.271,607.385,607.091,608.111,607.827,607.2719999999999,608.5930000000001,608.45,608.6030000000001,608.481,608.535,608.299,608.3009999999999,607.269,608.309,607.883,607.025,608.245,607.263,607.73,609.0930000000001,608.196,608.058,606.819,608.154,607.1659999999999,607.395,608.109
512.0,2048.0,608.029,607.8919999999999,608.5980000000001,608.316,608.057,609.019,607.269,608.1519999999999,607.393,607.7230000000001,607.887,607.378,608.874,607.883,608.226,608.235,608.062,609.145,608.775,606.861,608.6080000000001,608.063,607.899,608.231,608.087,607.487,608.452,609.186,608.618,608.525,607.518,608.442,608.286,607.4169999999999,608.649,608.127,608.526,607.92,607.384,607.143,609.0930000000001,608.746,608.675,607.0319999999999,608.06,607.681,607.694,608.132
512.25,2049.0,608.298,608.516,608.357,608.012,608.0369999999999,609.7,607.339,607.437,607.279,608.489,608.2,607.607,609.043,607.8290000000001,608.4780000000001,608.864,608.2669999999999,608.774,608.9830000000001,607.505,607.9119999999999,607.48,607.34,608.427,607.739,606.812,608.6419999999999,608.362,608.323,608.928,607.14,607.52,608.4680000000001,608.477,609.18,607.201,608.117,607.972,607.6419999999999,606.493,608.076,607.352,608.44,607.872,608.185,608.495,607.663,608.1519999999999
512.5,2050.0,608.094,608.091,607.964,607.679,608.625,609.114,607.975,608.206,607.971,608.6709999999999,608.145,607.928,609.011,606.976,607.84,609.596,608.555,608.026,609.025,606.827,607.566,607.453,607.531,607.694,608.126,607.694,608.585,608.519,608.404,609.351,607.242,609.3290000000001,608.2919999999999,607.365,608.256,607.0840000000001,608.275,608.521,606.998,607.499,608.768,608.092,606.97,607.474,607.511,608.0740000000001,607.82,608.531
512.75,2051.0,608.163,607.794,607.882,607.955,609.2180000000001,609.1419999999999,607.258,608.4830000000001,607.3009999999999,607.903,607.759,607.212,609.265,607.896,607.247,608.269,608.8480000000001,607.8240000000001,608.9540000000001,607.269,608.318,608.044,607.744,608.568,608.264,607.345,608.141,609.284,608.5830000000001,608.418,607.918,608.869,608.456,608.081,608.933,607.922,608.072,608.0840000000001,607.359,607.81,608.5509999999999,608.3330000000001,607.486,608.361,608.024,607.312,608.161,608.059
513.0,2052.0,608.263,608.255,607.985,608.878,608.754,608.778,606.883,607.754,607.215,608.198,608.327,608.423,608.414,607.493,608.099,608.842,608.663,608.712,608.622,608.102,608.04,607.002,607.6419999999999,607.695,608.427,606.105,608.428,609.314,608.616,608.582,607.934,608.867,608.734,607.33,609.361,607.89,607.734,608.77,607.846,607.37,608.7330000000001,607.5369999999999,607.748,607.72,608.221,607.3969999999999,608.17,608.0740000000001
513.25,2053.0,607.594,608.512,607.856,608.135,608.226,608.101,607.049,607.744,607.648,608.313,608.341,607.485,610.273,607.068,607.606,608.113,608.601,608.758,608.9830000000001,606.928,608.24,607.769,607.993,607.572,607.567,607.336,608.256,609.0880000000001,608.359,608.906,607.4590000000001,608.058,608.158,607.523,608.102,607.592,607.437,608.2180000000001,607.906,607.331,608.797,607.731,608.2919999999999,608.136,608.87,607.7080000000001,607.484,608.2230000000001
513.5,2054.0,607.855,608.293,608.745,608.37,608.567,608.863,607.1759999999999,607.769,608.202,608.53,608.236,607.5509999999999,609.065,607.59,607.9159999999999,608.512,608.361,608.394,608.865,606.974,608.252,606.502,608.004,608.4209999999999,608.021,607.555,608.237,609.002,608.724,608.752,607.847,607.957,608.965,608.284,608.2919999999999,607.234,608.658,608.6659999999999,606.649,607.078,608.726,607.184,608.4019999999999,607.814,608.554,608.497,608.429,608.673
513.75,2055.0,607.273,607.4730000000001,608.306,608.151,608.596,608.4540000000001,607.5319999999999,608.09,606.991,608.997,608.845,608.117,608.556,607.9830000000001,608.312,609.008,608.4,608.646,609.1669999999999,607.675,608.377,607.9490000000001,607.805,607.102,607.674,606.986,607.974,608.39,608.399,608.347,607.7280000000001,608.313,608.286,607.577,608.77,607.992,608.248,608.156,607.04,607.258,608.849,607.839,608.386,608.499,608.649,607.614,608.117,608.202
514.0,2056.0,607.331,607.888,607.5459999999999,608.219,608.611,608.554,607.515,607.694,606.877,608.381,608.464,607.663,608.884,607.934,607.71,608.499,608.656,608.707,609.055,607.634,608.526,607.71,608.067,607.415,607.452,607.444,607.9680000000001,608.299,608.29,608.688,607.68,608.1519999999999,609.0369999999999,607.979,608.661,607.5419999999999,607.9119999999999,608.632,607.376,607.361,608.894,608.004,608.466,607.444,608.61,607.955,607.374,607.994
514.25,2057.0,607.364,607.155,608.097,608.295,608.134,609.279,608.229,607.877,607.6030000000001,608.325,607.9830000000001,607.992,609.253,607.003,607.9490000000001,608.399,608.4209999999999,608.279,608.8580000000001,607.052,607.846,607.9169999999999,608.2280000000001,608.189,608.025,607.503,608.372,608.896,609.096,608.361,607.6669999999999,609.197,608.86,607.044,609.262,607.842,607.544,608.092,607.182,607.643,608.286,607.203,607.928,607.78,608.673,607.581,608.235,608.0419999999999
514.5,2058.0,607.059,607.555,608.448,607.553,608.5369999999999,608.738,607.414,607.36,607.077,607.946,608.2280000000001,607.661,608.606,607.457,607.979,608.9540000000001,609.173,608.119,609.038,607.275,607.731,607.615,607.51,607.783,608.135,607.41,608.082,609.499,608.401,608.971,608.7080000000001,609.0,609.68,607.654,609.193,608.354,608.178,608.754,606.814,607.951,608.618,608.04,607.661,607.793,608.948,607.9630000000001,607.697,608.528
514.75,2059.0,608.328,608.5219999999999,607.815,608.008,608.974,608.504,607.184,607.675,607.641,608.964,608.246,607.435,609.265,607.8330000000001,607.844,608.89,609.094,609.193,609.236,606.9580000000001,608.3580000000001,607.03,607.68,607.964,607.428,607.006,608.308,608.982,608.403,608.886,607.529,608.092,608.8380000000001,607.965,608.929,607.768,607.462,608.129,607.178,607.361,607.951,608.168,608.479,608.351,608.985,607.368,607.966,608.201
515.0,2060.0,607.4159999999999,607.752,607.981,608.17,608.77,608.705,607.962,607.544,607.29,608.366,607.9,607.547,608.625,607.961,607.668,609.229,608.84,608.9680000000001,608.34,607.65,608.16,607.327,607.952,607.327,607.807,607.487,607.931,609.369,608.7769999999999,608.42,608.634,608.202,608.438,608.236,609.389,607.275,607.8580000000001,608.633,607.548,608.132,608.602,607.976,607.964,607.712,609.357,607.931,608.076,608.439
515.25,2061.0,607.592,608.072,608.375,608.231,608.933,608.375,608.131,608.141,607.399,608.34,608.383,607.568,608.242,606.911,607.785,608.41,608.313,608.909,608.615,607.273,608.998,607.393,607.877,608.11,608.349,607.57,608.739,609.321,608.489,608.981,608.004,608.515,608.526,608.09,609.827,608.219,607.626,608.104,608.026,607.85,608.563,608.59,607.506,607.494,608.811,608.888,608.367,608.738
515.5,2062.0,607.8430000000001,607.7090000000001,608.243,607.504,608.427,608.8969999999999,607.636,607.278,607.981,608.507,608.184,608.6080000000001,609.01,607.068,607.8919999999999,608.698,608.828,609.239,608.737,607.048,608.678,607.6990000000001,607.399,607.5269999999999,608.086,607.054,608.0169999999999,609.086,608.187,607.9490000000001,608.623,609.243,608.453,608.183,608.864,607.366,608.236,608.114,607.471,608.128,607.56,607.802,608.061,608.186,608.6,608.113,607.943,608.849
515.75,2063.0,607.861,607.618,608.078,608.055,608.372,608.1709999999999,607.957,607.6759999999999,607.677,608.5369999999999,607.935,607.6990000000001,609.194,607.453,607.966,608.49,609.036,608.805,608.928,607.955,608.775,607.631,608.161,607.759,607.488,607.15,607.6990000000001,609.274,607.619,607.556,608.23,608.3430000000001,608.3480000000001,608.61,608.771,607.873,607.751,608.077,607.771,608.618,608.002,607.979,607.651,608.415,608.111,607.998,607.9159999999999,609.1990000000001
516.0,2064.0,607.566,607.263,608.554,608.793,609.257,608.366,606.883,608.3340000000001,607.75,608.476,607.9630000000001,608.323,608.807,608.127,607.84,608.117,608.111,608.09,608.49,607.739,608.804,607.9490000000001,607.372,608.039,608.0830000000001,607.992,608.159,608.64,608.092,608.185,607.564,609.014,608.65,607.79,608.627,607.8919999999999,607.501,608.47,607.494,607.614,608.189,607.748,607.823,607.692,608.24,607.509,607.305,608.432
516.25,2065.0,607.722,607.323,608.521,608.264,609.758,608.18,606.974,607.669,608.043,608.368,607.288,608.38,608.484,607.375,607.9580000000001,608.998,608.7919999999999,608.192,609.2769999999999,607.355,608.807,606.738,607.615,607.612,608.342,607.633,608.331,608.58,609.0169999999999,608.299,607.497,607.859,608.773,607.994,608.54,607.697,608.556,609.063,607.6030000000001,608.455,608.661,608.648,606.85,607.822,608.25,607.802,607.881,608.78
516.5,2066.0,608.082,607.783,608.5740000000001,607.515,609.159,608.686,607.361,608.477,608.136,608.129,608.807,607.625,609.021,607.585,608.12,609.151,608.66,608.847,609.377,607.9019999999999,608.837,607.172,607.315,607.8330000000001,607.8330000000001,608.467,608.585,609.294,608.232,607.976,607.886,608.942,609.243,607.672,609.242,607.837,608.278,608.7959999999999,607.857,608.523,608.327,608.008,607.947,608.059,608.4830000000001,606.617,607.2180000000001,608.601
516.75,2067.0,607.492,608.087,608.314,608.053,608.692,608.361,606.388,607.987,608.09,608.409,608.28,608.1080000000001,608.9019999999999,608.0369999999999,607.485,609.078,608.578,608.651,608.739,608.2669999999999,608.4630000000001,606.841,607.629,608.248,608.1469999999999,608.18,608.322,609.323,608.161,608.197,607.481,607.849,608.821,608.039,608.69,607.763,607.248,607.639,607.039,608.1080000000001,609.01,607.797,607.889,607.982,608.819,607.545,607.628,607.8290000000001
517.0,2068.0,607.885,606.871,608.531,607.745,607.99,608.179,607.119,608.582,607.422,607.7090000000001,608.371,607.784,608.77,608.053,607.9119999999999,608.091,608.891,608.58,608.6669999999999,608.781,608.474,607.885,608.132,607.56,608.418,608.078,609.104,609.187,607.952,607.91,608.7719999999999,608.095,609.122,608.114,609.2130000000001,608.126,607.512,607.755,607.661,607.813,608.989,607.646,608.086,607.849,609.159,608.121,607.578,607.837
517.25,2069.0,607.414,607.936,608.269,607.371,609.116,608.115,607.62,607.712,607.836,608.582,608.861,608.836,609.154,607.5840000000001,608.114,608.11,608.631,607.835,608.161,608.07,607.9590000000001,608.123,607.247,607.9,608.125,606.836,608.245,609.095,607.729,608.354,608.077,608.466,609.536,607.349,609.057,607.901,608.178,608.297,608.131,608.101,608.86,608.172,607.013,607.702,608.663,608.174,608.005,607.857
517.5,2070.0,607.977,607.445,608.799,608.39,609.336,608.498,608.048,607.623,606.947,607.812,607.865,608.135,608.961,607.756,607.97,608.1619999999999,607.7869999999999,608.736,608.461,608.7,608.014,607.612,608.056,607.874,607.2959999999999,607.406,608.306,608.6030000000001,608.307,608.247,608.21,607.743,609.313,607.962,608.451,607.923,608.273,608.788,607.137,608.0219999999999,608.331,607.396,607.951,608.606,608.563,607.734,607.753,607.5409999999999
517.75,2071.0,607.631,608.274,608.726,608.063,608.96,608.61,607.471,608.637,607.297,608.241,609.122,607.687,608.85,607.592,608.039,608.93,608.498,608.7180000000001,608.544,608.092,608.742,607.472,607.932,608.258,607.98,607.2330000000001,609.021,609.0,608.935,608.553,608.48,608.192,609.646,607.606,608.44,608.087,608.394,607.5169999999999,607.685,607.957,607.859,608.487,607.794,608.049,608.805,607.559,607.6759999999999,608.482
518.0,2072.0,607.6519999999999,607.646,607.799,607.745,608.693,608.265,607.531,607.507,608.121,608.572,609.011,607.953,609.1659999999999,607.7180000000001,607.893,608.373,608.596,608.197,608.344,608.136,608.134,606.814,608.029,608.447,608.081,607.248,608.817,609.611,607.808,608.38,608.487,607.697,609.239,607.763,609.0880000000001,608.215,607.7230000000001,608.804,607.4069999999999,607.855,608.367,607.837,608.052,608.198,608.371,607.63,608.465,608.349
518.25,2073.0,608.207,608.621,607.677,608.068,608.28,608.4830000000001,607.813,608.25,608.1669999999999,608.055,609.115,608.048,608.646,607.36,607.317,607.765,608.813,608.253,608.072,607.879,609.164,607.2080000000001,608.569,608.2090000000001,608.141,607.092,608.5409999999999,610.0840000000001,608.303,607.9019999999999,607.6080000000001,608.141,609.049,607.987,608.265,607.7959999999999,608.0369999999999,608.1469999999999,606.862,607.885,607.819,608.528,608.0419999999999,607.904,608.384,607.097,607.776,607.83
518.5,2074.0,607.93,607.411,608.327,608.539,608.761,608.2080000000001,608.614,608.073,607.244,608.268,609.008,607.619,609.067,607.494,607.062,608.405,608.577,608.961,608.734,608.114,608.986,607.6,607.885,608.5419999999999,607.481,608.331,608.2819999999999,609.631,608.263,608.252,608.198,608.061,609.161,607.737,608.793,608.254,608.0369999999999,609.049,607.818,607.52,608.398,608.184,607.964,607.755,607.9730000000001,607.373,608.288,608.012
518.75,2075.0,608.064,608.102,608.755,607.967,608.99,607.5459999999999,606.592,608.266,607.884,608.035,608.506,607.775,609.4630000000001,607.0,607.965,609.131,608.7040000000001,607.986,608.0409999999999,608.482,608.428,607.2,608.351,608.2,608.286,607.946,608.41,608.941,608.3969999999999,608.57,608.021,608.632,609.624,608.298,608.543,607.751,607.931,608.008,607.505,607.809,608.534,607.981,608.0980000000001,607.808,609.134,607.8240000000001,608.382,607.7180000000001
519.0,2076.0,608.089,607.8340000000001,608.429,607.826,609.053,608.121,607.9730000000001,608.4540000000001,607.737,607.896,608.737,607.431,608.34,608.268,607.783,608.2909999999999,609.164,608.625,608.451,608.106,608.384,607.073,608.129,608.298,607.2230000000001,607.6709999999999,608.78,609.433,608.139,608.675,608.124,608.0319999999999,608.82,608.0740000000001,608.7180000000001,608.1659999999999,608.462,608.6669999999999,607.6,608.155,608.237,608.295,607.151,608.168,608.352,606.933,607.727,607.231
519.25,2077.0,607.842,608.003,608.712,607.6990000000001,608.631,607.565,607.577,607.7669999999999,607.769,607.827,609.0459999999999,608.2919999999999,608.701,607.0830000000001,608.168,608.415,608.92,608.1519999999999,608.964,608.315,609.3580000000001,607.871,608.45,607.922,608.174,607.181,609.122,609.168,607.964,608.682,608.117,608.5269999999999,609.065,608.33,608.549,607.536,608.096,607.915,607.043,608.57,608.582,607.7330000000001,607.494,607.352,607.993,607.326,607.59,607.822
519.5,2078.0,607.751,607.754,608.873,608.669,608.114,608.558,607.9490000000001,608.32,608.4,608.214,609.043,608.078,608.433,607.908,608.285,608.646,608.249,607.8,609.039,608.627,608.815,607.49,608.134,608.026,607.693,607.64,609.0319999999999,609.001,609.237,608.269,608.004,607.6759999999999,609.207,607.936,608.896,607.9540000000001,608.002,607.7919999999999,607.13,607.39,607.889,607.543,607.455,607.258,609.266,607.855,608.19,607.563
519.75,2079.0,607.41,608.192,608.736,608.5219999999999,608.651,608.366,608.34,608.42,608.413,608.766,608.6030000000001,607.626,609.615,607.41,607.278,609.215,608.523,607.869,608.726,607.813,608.59,607.016,607.888,607.868,607.109,607.79,608.214,609.179,608.442,608.901,608.028,607.842,609.505,607.55,608.405,607.956,607.63,608.385,607.42,607.804,608.081,607.827,607.675,607.68,608.581,607.164,607.18,607.479
520.0,2080.0,607.325,607.821,608.3530000000001,608.117,608.489,607.761,608.376,608.8240000000001,607.957,608.966,608.72,607.888,608.88,607.91,607.6990000000001,608.1619999999999,608.732,608.54,608.846,607.918,608.609,608.057,607.99,607.127,607.4830000000001,607.762,608.739,609.5319999999999,608.411,608.28,608.099,607.5459999999999,608.864,608.3530000000001,608.776,607.648,607.45,608.202,607.126,607.9540000000001,608.4580000000001,608.884,608.372,607.0840000000001,608.56,608.0830000000001,608.044,607.576
520.25,2081.0,607.382,607.661,607.881,607.872,608.315,607.656,608.535,608.298,607.903,608.0459999999999,608.632,608.1419999999999,608.086,607.5319999999999,608.252,609.393,608.3530000000001,607.6709999999999,608.3290000000001,608.283,609.057,607.938,608.03,607.359,607.854,606.946,608.439,609.011,609.067,608.313,607.8,608.32,608.341,608.036,609.082,608.376,607.5459999999999,608.315,607.575,607.447,608.9780000000001,608.013,607.414,607.432,608.979,607.43,608.469,608.547
520.5,2082.0,608.307,608.455,607.481,607.896,607.735,608.477,607.35,608.469,608.044,608.024,608.383,608.076,609.025,608.2090000000001,607.3919999999999,608.475,608.659,608.104,608.802,608.564,608.7669999999999,607.436,607.9209999999999,608.237,608.131,607.498,608.8580000000001,609.351,607.947,608.408,608.31,607.6,608.981,607.692,609.044,607.814,608.4540000000001,607.9680000000001,607.731,608.118,609.545,608.372,608.365,607.717,608.641,607.4169999999999,608.0369999999999,607.722
520.75,2083.0,607.7040000000001,607.242,607.578,608.1419999999999,609.013,608.367,608.4630000000001,608.766,608.192,607.75,607.9580000000001,608.251,608.753,607.7,607.664,608.951,608.069,608.467,608.577,608.0419999999999,607.6669999999999,607.698,608.351,608.1030000000001,607.259,607.341,608.6419999999999,609.752,608.673,608.711,608.035,607.0219999999999,609.025,607.91,608.982,607.794,608.139,608.311,607.123,607.432,608.414,608.2280000000001,607.7959999999999,608.386,608.453,607.533,608.5169999999999,608.326
521.0,2084.0,607.881,607.748,607.531,607.596,608.475,609.168,607.989,608.111,607.899,608.516,607.859,607.788,608.987,606.896,607.913,608.648,608.4119999999999,608.297,609.0409999999999,608.5319999999999,607.77,607.119,607.52,607.783,607.986,606.99,608.93,609.987,608.9730000000001,608.4259999999999,608.373,607.831,608.819,608.159,608.839,608.33,608.538,607.066,606.696,608.467,608.928,607.878,608.5509999999999,607.285,608.961,607.842,608.2819999999999,607.9169999999999
521.25,2085.0,607.898,608.062,608.624,607.655,608.697,608.3340000000001,608.76,608.4830000000001,608.303,608.46,608.653,608.0830000000001,608.8290000000001,607.499,608.0219999999999,608.623,608.5409999999999,607.913,608.999,608.181,608.62,607.65,607.342,608.016,607.9630000000001,607.2040000000001,608.631,609.006,608.862,608.2819999999999,607.97,607.985,609.489,608.125,608.776,607.934,608.113,608.1709999999999,607.154,608.262,608.251,607.981,607.9159999999999,607.928,609.273,607.7040000000001,608.486,607.752
521.5,2086.0,607.868,607.98,607.625,607.736,608.374,608.661,607.442,608.415,607.063,607.994,608.37,608.433,608.716,607.4209999999999,607.931,608.495,608.279,608.347,609.5369999999999,608.86,608.637,607.304,607.634,607.632,607.998,607.521,608.993,609.3380000000001,608.936,608.936,608.014,608.722,609.111,607.567,608.8919999999999,608.414,607.842,607.59,606.9119999999999,607.644,608.513,607.9680000000001,608.345,608.02,608.992,608.3969999999999,608.988,608.441
521.75,2087.0,608.012,608.011,607.851,607.0930000000001,608.0269999999999,608.336,607.131,607.538,607.237,607.908,608.597,607.612,608.4159999999999,607.7090000000001,607.058,608.43,608.6709999999999,608.326,608.544,608.145,608.465,607.685,608.099,608.263,608.145,607.7230000000001,608.8240000000001,609.375,608.75,608.624,608.307,607.803,609.558,608.284,608.488,607.2769999999999,607.624,608.409,607.015,607.62,609.014,608.178,608.315,608.268,609.1469999999999,608.668,608.355,607.539
522.0,2088.0,607.822,608.252,607.986,608.16,608.32,608.721,607.96,607.368,608.3330000000001,607.625,609.054,607.977,608.654,607.624,607.58,608.6519999999999,608.711,607.886,608.04,608.151,608.9490000000001,607.475,608.149,607.93,608.2080000000001,607.817,608.738,609.937,608.956,608.018,607.898,608.16,609.805,608.437,608.793,607.6659999999999,608.52,608.05,607.437,607.436,608.677,607.953,607.399,608.689,608.766,607.234,608.55,608.245
522.25,2089.0,607.92,608.205,608.224,608.689,607.65,607.898,608.238,608.633,607.031,607.827,608.6519999999999,607.7719999999999,609.17,607.2180000000001,607.35,607.705,608.216,607.621,608.181,608.563,608.0930000000001,607.943,608.567,607.986,608.262,607.354,609.205,610.127,608.7230000000001,608.474,607.835,607.47,609.812,607.609,608.556,607.361,608.3240000000001,608.0369999999999,607.569,607.871,608.089,608.0,607.855,607.591,608.523,608.221,608.721,607.98
522.5,2090.0,608.156,608.65,607.587,608.297,608.057,607.942,608.0269999999999,608.1469999999999,607.797,607.418,608.643,607.9159999999999,608.107,607.68,607.867,608.512,609.489,607.428,608.128,608.087,608.007,607.653,607.18,607.206,607.2869999999999,607.174,608.263,609.6569999999999,608.71,608.0840000000001,607.783,607.599,609.888,608.202,608.793,607.964,607.7869999999999,608.006,607.774,607.752,608.346,608.369,608.779,607.681,608.5219999999999,607.774,607.857,607.786
522.75,2091.0,608.398,608.094,607.948,608.173,608.18,608.734,608.581,607.88,607.498,608.14,608.618,607.964,608.627,607.908,607.317,608.184,608.85,607.855,608.196,608.064,608.378,607.636,608.164,607.484,608.025,606.977,608.433,609.866,609.3240000000001,609.126,607.859,607.7719999999999,610.316,608.379,608.375,607.273,607.825,608.475,607.512,608.488,608.38,608.604,607.649,608.099,608.605,608.275,608.006,607.743
523.0,2092.0,608.639,608.114,607.87,608.621,607.762,609.161,607.979,608.3480000000001,607.5740000000001,608.227,608.315,607.887,608.538,608.0980000000001,607.823,607.701,608.823,607.938,608.944,607.981,608.703,607.391,608.399,607.596,607.817,607.645,609.589,609.273,608.1469999999999,608.352,608.288,607.715,610.529,608.34,608.925,607.297,608.311,607.57,607.211,608.22,609.104,608.432,607.99,607.377,609.188,608.547,607.811,607.789
523.25,2093.0,608.107,607.9119999999999,607.466,608.439,608.595,608.388,607.261,607.6469999999999,607.7,607.4019999999999,608.378,607.518,608.082,608.2280000000001,608.759,608.054,608.288,607.525,608.475,608.5369999999999,608.112,607.448,607.77,608.406,608.0419999999999,608.193,609.072,609.012,609.1030000000001,607.998,607.988,608.295,610.011,608.0880000000001,608.224,608.419,607.966,607.7769999999999,607.831,608.014,607.856,608.6569999999999,607.873,607.715,608.385,608.194,607.841,607.654
523.5,2094.0,607.919,607.847,607.406,607.841,607.875,608.63,607.172,607.631,607.822,608.372,608.399,607.436,608.741,607.5219999999999,607.378,607.794,608.816,607.76,608.832,608.052,608.269,607.619,608.293,607.823,607.623,608.039,608.475,609.9540000000001,609.644,607.609,607.625,608.139,609.719,608.919,608.807,607.893,609.063,608.052,607.356,608.535,608.6990000000001,608.0419999999999,607.604,607.7909999999999,608.229,608.434,608.044,608.283
523.75,2095.0,607.756,607.628,607.405,608.25,607.552,608.399,608.216,608.19,607.615,607.269,608.9119999999999,607.7180000000001,608.335,607.379,608.119,608.283,609.2909999999999,608.131,608.445,608.328,607.464,607.4019999999999,608.901,607.696,607.89,607.443,609.2130000000001,609.861,608.707,607.7869999999999,608.007,607.528,609.225,608.056,608.716,607.784,607.756,608.336,607.395,608.604,608.494,608.155,607.909,607.534,609.081,608.0880000000001,608.312,608.51
524.0,2096.0,607.683,608.114,608.072,608.364,607.765,608.54,607.818,607.365,607.215,607.758,607.85,607.271,608.002,608.245,607.321,607.9630000000001,608.89,607.919,609.003,607.654,608.619,607.197,608.443,607.12,606.781,607.5319999999999,609.077,609.939,609.74,608.192,608.425,607.774,609.945,609.26,608.566,607.362,607.4680000000001,608.2669999999999,606.999,607.805,607.415,608.605,608.309,607.361,608.261,607.971,608.36,607.64
524.25,2097.0,607.859,608.273,607.674,608.309,608.345,608.745,607.31,608.308,607.749,607.311,608.62,607.692,608.321,607.154,607.241,608.175,608.2280000000001,608.66,608.2040000000001,608.1469999999999,608.2869999999999,607.604,608.563,607.726,607.79,607.641,609.04,609.364,609.1519999999999,608.568,607.9209999999999,607.659,609.314,607.156,608.937,607.656,607.56,608.202,608.036,608.702,608.0219999999999,607.776,607.689,607.602,608.194,607.855,608.933,608.508
524.5,2098.0,607.924,607.367,607.65,608.16,608.322,608.018,607.7,608.019,607.038,608.778,608.381,607.607,607.947,606.9730000000001,608.129,607.891,608.808,607.899,608.281,607.636,608.955,607.001,608.06,607.3240000000001,607.456,607.665,609.139,609.109,609.139,608.856,607.9209999999999,608.4069999999999,609.906,608.26,608.427,607.9209999999999,607.727,608.237,606.938,608.827,608.075,608.16,607.576,608.064,608.17,607.9,607.984,607.849
524.75,2099.0,607.799,607.5459999999999,607.774,608.612,608.941,609.5,607.885,607.566,607.557,608.146,608.506,607.712,607.919,608.123,608.5169999999999,607.5740000000001,608.3009999999999,607.607,608.839,607.49,608.5880000000001,607.4490000000001,608.312,606.687,608.055,607.395,609.007,609.696,609.6990000000001,608.501,608.526,607.378,609.222,608.096,608.159,607.924,607.863,607.7,607.814,608.8480000000001,608.722,607.747,608.565,607.489,609.081,608.295,608.22,608.359
525.0,2100.0,608.056,608.356,607.553,608.1469999999999,607.71,608.712,607.649,608.225,607.344,607.198,608.528,608.049,607.948,607.913,608.012,607.889,608.623,607.993,608.706,607.9069999999999,609.576,607.336,608.339,607.249,607.356,610.071,608.828,609.178,609.55,608.855,608.197,608.0169999999999,610.457,608.386,608.255,607.53,607.442,608.4730000000001,607.885,608.534,607.337,607.668,608.119,608.1759999999999,608.846,608.501,608.356,607.996
525.25,2101.0,608.691,607.795,607.754,608.315,608.122,609.086,607.471,607.804,607.518,607.874,608.966,608.02,608.323,607.4680000000001,607.898,608.016,608.675,608.133,608.599,607.508,609.165,607.314,607.997,608.283,607.944,607.7080000000001,608.262,608.8,608.847,608.378,607.339,607.701,609.356,608.149,608.577,607.746,607.592,607.632,607.637,608.212,608.547,608.411,607.866,607.932,608.106,607.1,608.153,608.149
525.5,2102.0,608.398,608.092,607.717,608.174,607.946,608.867,608.211,608.073,607.7040000000001,607.351,608.736,608.006,608.491,607.252,607.4580000000001,607.701,607.746,607.239,607.995,607.88,608.298,607.251,607.369,606.918,607.961,607.1469999999999,608.205,609.3,609.255,608.549,608.5930000000001,608.159,609.556,607.643,608.247,607.695,607.581,607.581,607.929,608.614,608.174,608.17,607.695,607.999,608.285,607.518,608.144,607.9540000000001
525.75,2103.0,608.309,608.3380000000001,607.437,608.2090000000001,608.727,609.528,607.759,608.786,607.885,607.6709999999999,608.123,607.559,608.6669999999999,608.258,607.512,607.705,608.51,606.748,608.472,608.2090000000001,609.429,607.636,608.5740000000001,607.37,608.558,607.626,608.181,609.177,609.812,608.177,608.553,609.2130000000001,609.9209999999999,607.87,609.194,609.623,608.604,607.974,607.68,607.882,608.482,608.372,608.462,607.144,608.8430000000001,607.975,608.32,608.266
526.0,2104.0,608.6519999999999,608.23,607.4209999999999,607.7669999999999,608.894,609.493,608.433,608.055,607.46,607.874,608.482,607.621,608.93,607.189,607.5369999999999,607.774,608.2959999999999,608.45,608.443,607.97,608.7909999999999,608.484,607.511,608.065,607.623,607.553,609.2919999999999,609.516,610.014,608.539,607.3580000000001,608.281,609.428,607.87,608.604,606.971,607.869,608.254,607.646,608.007,608.0790000000001,608.881,608.0509999999999,607.261,608.4540000000001,607.918,607.851,608.469
526.25,2105.0,608.376,608.236,607.806,608.331,608.5880000000001,609.307,607.485,608.1469999999999,607.8240000000001,607.577,607.9259999999999,608.1,607.8919999999999,607.3330000000001,607.469,608.187,609.016,607.904,608.663,607.735,609.019,607.75,608.675,606.655,607.9259999999999,608.44,608.977,609.061,609.404,607.76,607.261,607.512,609.911,607.004,608.139,608.428,608.201,607.814,607.189,608.207,607.6080000000001,608.487,607.807,606.9730000000001,608.648,608.69,608.764,607.931
526.5,2106.0,608.4730000000001,608.4069999999999,607.23,607.88,609.339,608.9490000000001,607.311,607.589,607.768,608.246,607.937,607.365,608.004,607.78,608.155,607.323,608.685,607.706,608.8919999999999,608.081,609.169,607.738,608.325,608.089,607.59,607.364,608.436,609.862,609.972,608.365,607.883,607.686,609.506,607.773,608.525,607.279,607.557,607.628,607.729,609.026,608.1569999999999,608.1709999999999,607.989,606.54,609.1619999999999,607.9209999999999,607.994,607.372
526.75,2107.0,608.099,608.547,608.044,607.946,608.655,609.039,607.803,608.178,607.654,608.8009999999999,608.5840000000001,607.474,608.7090000000001,607.721,607.94,607.036,608.364,608.261,608.623,607.25,608.53,608.18,608.004,607.585,607.5740000000001,607.48,609.038,609.352,609.749,608.192,607.719,607.988,609.882,608.462,608.4540000000001,608.128,608.132,607.975,607.503,608.508,607.6709999999999,608.374,608.25,607.309,609.1469999999999,608.368,608.835,607.692
527.0,2108.0,608.379,608.1759999999999,607.871,609.0169999999999,608.596,609.144,608.124,608.284,607.805,607.758,608.034,608.159,608.889,607.832,607.599,607.895,608.66,607.759,608.405,607.827,608.7669999999999,607.403,608.314,607.732,608.375,607.472,608.7819999999999,609.7040000000001,609.081,609.087,607.307,607.745,609.366,607.627,608.661,607.846,607.758,608.368,607.185,608.447,608.386,608.692,608.363,607.6990000000001,608.12,608.067,608.681,607.75
527.25,2109.0,608.8430000000001,608.823,608.175,607.485,608.812,608.981,606.953,607.9680000000001,607.687,607.314,608.5459999999999,607.795,608.695,607.518,607.887,607.066,609.005,607.808,609.001,607.9119999999999,608.406,607.365,607.7669999999999,607.975,608.251,607.149,608.388,610.172,609.92,608.464,607.384,607.803,609.589,607.346,607.918,607.746,608.0880000000001,608.5,606.995,608.502,608.021,608.315,608.232,607.344,608.32,607.895,608.357,607.597
527.5,2110.0,607.696,608.2230000000001,607.86,607.521,608.451,609.123,606.931,608.362,607.648,607.913,609.036,607.19,608.512,607.654,608.448,608.304,608.486,607.428,608.809,607.785,608.014,607.306,607.654,607.135,608.197,606.413,608.3240000000001,609.548,609.938,608.094,607.436,607.8340000000001,609.632,607.263,608.5219999999999,607.9780000000001,607.976,608.012,607.252,607.803,609.268,608.285,607.911,607.925,608.521,607.847,607.678,608.16
527.75,2111.0,608.232,607.011,607.262,607.6519999999999,608.472,608.661,608.172,608.1619999999999,607.2180000000001,607.914,608.3340000000001,607.183,607.721,607.278,608.03,607.7719999999999,608.7280000000001,607.932,609.143,607.626,608.9,608.2230000000001,608.085,607.481,607.863,607.616,608.5980000000001,608.91,609.304,608.47,607.816,607.948,609.651,608.076,607.6419999999999,607.807,608.409,607.58,607.219,608.0169999999999,607.503,608.7090000000001,608.386,607.441,608.369,607.812,608.2819999999999,608.47
528.0,2112.0,607.4209999999999,608.265,608.0830000000001,607.645,608.501,608.924,608.388,608.457,607.626,607.889,607.859,607.491,608.485,608.0980000000001,608.509,607.884,608.2,607.851,608.1469999999999,607.388,607.967,607.269,608.302,606.8240000000001,608.862,607.2040000000001,609.186,609.19,609.445,609.5269999999999,607.48,607.351,609.555,607.427,608.03,607.014,607.4830000000001,608.384,607.7130000000001,608.789,608.052,608.2919999999999,608.736,607.1080000000001,608.578,607.5,608.661,607.986
528.25,2113.0,607.898,607.98,607.976,608.232,608.9,608.849,608.123,608.386,607.875,607.687,607.936,608.455,608.596,607.661,607.98,608.172,608.84,607.595,608.427,606.519,608.524,607.807,608.314,607.937,608.099,608.089,609.744,608.764,609.4630000000001,608.198,607.74,607.914,609.789,607.154,608.7230000000001,607.831,608.058,608.394,607.613,608.379,607.941,607.884,607.658,607.788,608.383,608.144,608.009,607.587
528.5,2114.0,608.131,608.073,608.2180000000001,607.24,608.396,608.937,607.951,608.8009999999999,607.049,608.124,608.775,607.4019999999999,608.244,607.663,608.235,607.44,608.505,608.112,608.678,607.7,608.641,607.456,607.752,607.7,608.029,606.975,608.896,608.423,609.389,608.8530000000001,608.207,607.924,609.754,607.548,607.938,607.27,607.403,607.4069999999999,607.2959999999999,607.9730000000001,608.14,608.1080000000001,608.2,607.7090000000001,608.234,607.653,608.132,608.087
528.75,2115.0,607.567,607.933,607.752,607.885,608.523,608.342,607.8430000000001,608.487,607.849,607.6080000000001,608.3009999999999,607.362,608.785,608.006,608.54,607.864,608.127,608.165,608.741,607.689,608.118,607.82,608.3330000000001,607.872,608.105,606.943,609.648,608.808,609.5830000000001,608.511,607.48,607.318,609.015,607.275,607.684,607.809,608.344,608.1669999999999,607.591,608.27,608.232,608.499,607.65,607.5409999999999,608.582,607.936,607.906,607.987
529.0,2116.0,607.602,607.964,608.036,607.861,608.4,608.252,608.466,608.434,607.471,608.428,608.2130000000001,607.999,608.831,607.086,608.503,607.089,608.759,607.911,608.803,608.069,608.597,608.3380000000001,608.281,607.992,608.769,607.632,608.496,608.711,609.758,607.96,607.689,607.514,609.689,607.872,607.88,607.202,607.54,607.5459999999999,608.081,607.391,608.005,607.984,608.798,606.7669999999999,608.65,607.293,608.117,608.207
529.25,2117.0,608.191,607.678,607.863,607.605,608.3430000000001,608.9590000000001,607.9490000000001,608.694,607.41,608.18,608.273,607.128,608.8380000000001,607.413,608.322,607.927,609.05,607.924,608.52,607.2180000000001,608.7819999999999,608.024,608.363,607.637,608.534,607.393,608.2719999999999,609.22,610.011,608.508,607.851,607.1659999999999,609.355,607.7280000000001,608.185,607.561,607.637,608.335,607.173,608.014,608.148,608.837,608.697,607.212,608.68,607.85,608.169,607.63
529.5,2118.0,607.427,608.6469999999999,607.9730000000001,607.5880000000001,608.52,608.55,607.528,608.385,607.919,609.117,607.7959999999999,607.864,608.341,607.119,608.5409999999999,607.339,608.476,607.948,608.606,607.8380000000001,608.828,607.664,608.226,607.621,608.151,606.9780000000001,609.16,608.995,609.6469999999999,608.2919999999999,607.755,607.618,609.721,607.505,608.947,607.5269999999999,607.173,608.556,607.2180000000001,607.855,608.1990000000001,609.712,608.078,607.441,607.936,607.862,607.828,607.7819999999999
529.75,2119.0,607.405,607.684,608.047,607.839,608.371,608.686,607.391,608.151,608.067,607.73,608.269,607.941,608.566,607.172,608.747,607.117,608.5269999999999,607.9730000000001,608.201,607.189,607.814,608.56,607.971,607.124,608.001,607.59,609.221,608.9680000000001,609.48,608.77,607.556,608.024,609.32,608.08,607.628,607.612,608.214,608.7230000000001,607.886,607.761,607.9069999999999,608.3009999999999,608.363,607.062,608.339,607.633,608.4830000000001,608.3
530.0,2120.0,608.5169999999999,607.815,608.17,607.715,608.099,608.342,607.086,608.184,607.411,607.873,607.624,607.276,608.639,607.572,608.755,607.499,608.265,608.1759999999999,609.071,607.3580000000001,608.5930000000001,608.254,608.7,607.432,607.746,607.525,608.496,609.445,609.4590000000001,608.765,607.756,607.931,609.99,607.41,608.7180000000001,607.5980000000001,608.3580000000001,607.936,608.101,607.952,608.706,608.469,608.351,607.096,608.65,607.664,608.298,607.5980000000001
530.25,2121.0,608.2080000000001,607.87,607.871,607.567,608.7869999999999,608.645,607.883,607.928,607.3009999999999,607.518,607.7819999999999,607.994,609.0509999999999,606.75,608.8290000000001,607.339,608.7919999999999,608.018,608.489,607.955,607.861,607.2719999999999,608.012,607.441,608.049,607.554,608.7819999999999,609.773,610.0369999999999,608.036,608.0419999999999,608.276,609.573,607.644,608.547,607.669,607.866,607.539,607.613,607.2719999999999,608.479,608.196,608.047,607.7090000000001,607.715,608.063,608.17,607.33
530.5,2122.0,607.878,608.368,607.828,607.625,607.887,608.356,607.8969999999999,608.427,607.996,608.0509999999999,607.977,607.883,609.4630000000001,607.437,608.899,607.5880000000001,608.281,607.8240000000001,608.9680000000001,607.714,608.3340000000001,608.414,607.377,607.245,607.698,606.773,608.84,609.595,609.511,608.747,607.78,608.312,609.331,607.177,608.159,607.1080000000001,608.327,607.5409999999999,607.937,608.212,607.702,609.325,608.289,606.448,608.684,608.174,608.436,607.539
530.75,2123.0,607.127,608.4159999999999,607.827,608.06,608.229,609.3430000000001,607.7230000000001,607.832,607.831,607.874,608.5880000000001,607.887,609.2080000000001,607.244,607.7909999999999,607.5369999999999,608.2180000000001,608.582,608.636,606.932,609.053,607.837,607.805,607.508,607.444,607.465,609.828,608.68,609.279,608.578,607.715,608.385,610.2669999999999,607.9119999999999,608.601,607.775,608.133,607.981,607.766,607.757,608.553,607.947,607.9159999999999,607.236,608.4490000000001,607.6519999999999,608.332,607.672
531.0,2124.0,607.064,607.735,607.345,608.308,608.434,608.266,607.805,608.52,608.077,608.07,608.107,607.359,608.868,607.286,608.5169999999999,606.901,608.779,608.526,609.1030000000001,607.286,608.442,608.125,607.545,607.815,607.362,607.1419999999999,608.863,608.54,610.177,608.565,607.822,607.885,609.386,607.687,608.136,608.0509999999999,608.004,608.2919999999999,606.923,607.395,609.196,608.575,608.31,607.605,608.368,608.7330000000001,608.028,608.227
531.25,2125.0,607.964,608.1419999999999,608.119,608.081,608.2040000000001,609.04,607.399,608.285,607.823,608.08,608.4259999999999,607.513,609.6,607.337,607.872,607.512,609.665,607.734,608.024,607.285,608.283,607.913,608.159,607.082,608.1759999999999,607.188,608.9590000000001,608.947,609.7090000000001,608.649,607.5169999999999,607.742,610.16,607.6669999999999,608.4540000000001,607.586,607.5790000000001,608.314,607.501,607.28,608.632,608.066,607.56,607.177,608.467,608.221,607.7719999999999,607.941
531.5,2126.0,607.769,607.363,607.9540000000001,608.266,608.423,609.36,607.9,608.352,607.341,608.281,608.2669999999999,607.947,609.682,607.582,608.929,607.779,608.8340000000001,607.424,607.919,606.764,608.929,608.245,608.485,607.7769999999999,607.85,607.737,609.309,608.87,609.596,608.49,608.0930000000001,608.087,609.328,607.189,608.645,607.304,608.054,609.315,608.129,608.1080000000001,607.97,608.131,607.493,608.059,608.063,608.096,607.817,608.1030000000001
531.75,2127.0,607.446,608.002,607.384,608.177,607.788,608.69,607.693,608.388,607.5740000000001,607.423,608.256,607.1519999999999,609.328,607.712,608.69,607.131,608.294,607.694,608.384,607.225,607.9490000000001,607.491,607.948,607.126,608.636,607.216,609.349,609.3380000000001,610.118,607.852,607.928,608.241,608.404,608.019,607.626,607.965,607.8480000000001,607.732,607.7090000000001,607.472,608.175,609.077,607.933,607.224,609.081,608.117,608.028,607.746
532.0,2128.0,608.256,607.992,607.2180000000001,607.78,608.341,609.316,607.951,607.18,607.686,608.476,608.222,607.481,609.615,607.761,609.045,608.039,608.424,607.935,608.799,607.284,607.773,607.521,607.658,607.326,608.273,607.196,608.634,609.422,609.93,608.2959999999999,608.63,607.729,608.957,607.471,608.244,607.749,607.475,608.938,607.1990000000001,608.248,608.168,608.1619999999999,607.91,607.47,608.695,607.695,608.533,607.745
532.25,2129.0,607.266,607.4540000000001,607.7719999999999,607.95,607.639,608.877,607.203,608.342,607.516,608.435,608.109,607.747,609.9580000000001,607.27,608.415,607.84,608.078,608.082,609.145,607.43,607.45,607.653,607.686,607.028,607.7090000000001,607.368,609.158,609.313,609.974,609.006,608.0880000000001,608.679,609.318,607.881,608.242,607.36,608.026,608.369,606.88,607.513,607.756,608.342,608.2090000000001,607.435,609.226,608.08,607.9630000000001,608.38
532.5,2130.0,608.1669999999999,607.8290000000001,608.163,607.93,608.033,608.456,608.23,608.12,608.191,607.73,607.864,607.259,609.2919999999999,607.273,608.0840000000001,607.466,607.6030000000001,608.844,609.02,607.314,608.879,608.064,607.8290000000001,608.556,607.837,606.823,608.687,609.289,609.106,608.788,608.22,608.207,609.624,607.7769999999999,608.22,607.367,608.263,608.114,607.812,607.808,608.386,607.883,608.232,607.286,608.737,608.33,607.882,608.179
532.75,2131.0,607.544,608.4119999999999,607.951,607.622,607.491,609.008,607.852,607.719,607.804,608.2330000000001,607.7040000000001,607.424,609.92,607.22,608.81,607.26,608.6080000000001,607.665,609.595,607.194,607.9590000000001,608.633,608.089,608.112,607.65,607.678,608.477,609.258,609.531,608.871,608.428,608.143,608.823,607.6669999999999,607.914,608.025,608.377,608.401,607.5219999999999,607.729,607.525,608.012,607.758,607.0369999999999,608.383,607.811,608.321,608.2230000000001
533.0,2132.0,607.645,607.25,607.521,608.7669999999999,608.8009999999999,608.485,607.249,608.211,608.106,608.747,608.491,607.925,609.448,607.085,,607.997,608.7869999999999,607.988,608.988,607.255,608.362,607.822,607.4780000000001,607.878,608.184,607.376,608.5369999999999,608.908,609.624,608.741,607.188,607.827,609.5169999999999,607.947,607.888,607.9019999999999,608.089,608.119,608.087,607.415,608.474,608.052,608.451,607.307,608.121,607.163,607.6990000000001,608.5509999999999
533.25,2133.0,608.168,608.356,608.306,608.23,608.146,609.256,607.68,607.5880000000001,606.984,608.202,607.993,607.976,609.302,607.38,,608.0419999999999,607.533,607.661,608.795,607.586,607.832,607.909,608.039,607.804,607.852,606.938,609.217,608.901,609.557,608.2669999999999,607.786,608.4730000000001,608.885,608.071,608.313,608.0880000000001,608.114,608.35,607.45,606.955,608.003,608.577,608.387,607.556,608.489,607.908,607.997,607.569
533.5,2134.0,607.9019999999999,608.3430000000001,608.0369999999999,608.019,608.11,607.924,608.422,607.436,607.695,608.271,607.648,607.594,609.117,607.7280000000001,,607.866,608.035,607.669,608.129,607.36,607.849,607.582,608.19,608.9019999999999,608.339,607.8,609.4,609.0169999999999,610.429,608.665,608.019,607.753,609.136,607.431,608.613,608.137,607.827,608.099,607.5740000000001,607.3380000000001,607.922,608.007,607.756,607.365,608.623,607.128,608.0980000000001,607.932
533.75,2135.0,607.148,608.0409999999999,608.234,607.776,607.909,608.299,607.661,607.806,607.236,608.2,608.2869999999999,607.363,609.619,607.461,,608.35,608.445,607.702,608.933,607.289,608.148,608.004,607.47,608.361,607.879,607.48,608.547,608.903,609.745,608.06,607.72,607.784,609.747,607.508,609.205,607.976,607.487,609.734,607.991,606.749,607.786,608.4540000000001,608.649,607.368,609.116,607.203,607.638,607.836
534.0,2136.0,607.487,608.1990000000001,608.499,607.086,608.567,608.8340000000001,608.294,608.1759999999999,607.644,608.646,607.18,607.258,609.248,607.769,,607.444,608.655,607.1759999999999,609.418,606.913,608.118,607.526,607.7909999999999,607.826,608.0169999999999,607.826,608.864,608.101,609.312,608.0880000000001,608.36,607.294,609.337,606.694,608.236,608.185,607.658,609.071,607.7330000000001,607.5930000000001,607.265,608.245,608.74,607.644,608.319,607.756,608.222,608.337
534.25,2137.0,607.756,607.857,608.158,607.919,607.868,608.94,608.24,607.806,608.193,607.778,608.317,608.52,609.486,607.493,,607.744,607.624,607.409,609.817,607.528,608.759,607.582,608.21,608.613,607.545,607.529,608.438,608.6709999999999,609.56,608.628,608.031,607.589,609.072,607.387,608.908,608.081,607.356,608.6519999999999,607.789,606.934,608.369,608.66,607.482,607.841,608.481,608.056,607.641,607.654
534.5,2138.0,608.16,607.814,609.252,607.654,607.9830000000001,609.5509999999999,607.732,607.876,607.336,607.9169999999999,607.596,607.488,609.246,608.18,,607.745,607.977,607.543,609.08,606.851,608.341,607.222,607.568,607.4580000000001,607.931,607.22,608.115,609.354,609.739,608.418,607.4830000000001,608.161,609.12,607.547,608.572,607.637,608.095,608.592,608.159,607.591,608.674,608.427,607.932,607.6030000000001,607.861,608.33,608.087,607.9580000000001
534.75,2139.0,607.706,606.569,608.149,607.701,608.63,608.526,607.453,607.96,607.196,607.965,607.982,607.576,610.014,607.2669999999999,,607.661,608.38,607.7080000000001,609.279,607.565,608.607,607.3,607.486,608.131,607.621,607.992,608.965,608.432,609.299,608.485,607.815,608.461,609.0,607.37,607.814,608.078,608.002,608.09,607.3290000000001,606.645,607.95,608.482,608.748,606.971,608.451,607.756,608.386,608.018
535.0,2140.0,607.512,607.908,608.367,607.654,607.2040000000001,607.3430000000001,607.86,607.756,607.35,608.355,607.632,607.888,609.23,607.854,,607.1659999999999,608.091,607.257,609.007,607.244,607.987,607.979,607.427,608.054,607.59,606.9580000000001,608.029,608.337,608.8580000000001,608.234,607.3480000000001,608.072,608.2080000000001,607.262,608.556,608.564,607.595,608.181,607.821,607.455,608.314,608.53,608.245,607.622,608.842,607.276,608.014,608.049
535.25,2141.0,608.191,607.54,608.184,607.762,608.247,608.305,608.16,608.326,607.431,608.836,608.159,607.279,608.955,607.759,,607.561,608.419,607.43,609.268,607.71,609.227,607.6569999999999,609.311,608.269,607.9580000000001,607.847,608.194,608.5169999999999,609.325,608.918,608.045,608.059,608.794,607.5219999999999,608.332,608.464,607.617,607.934,607.0319999999999,607.347,607.6,607.948,608.3380000000001,607.352,608.552,607.943,608.8580000000001,608.198
535.5,2142.0,607.0369999999999,607.502,609.101,608.492,608.244,608.883,608.3430000000001,607.453,607.306,608.206,607.347,607.57,608.887,607.325,,607.7,608.2130000000001,606.985,609.13,607.24,608.107,607.679,607.745,607.8340000000001,607.539,607.337,608.094,609.155,609.015,608.689,607.663,608.138,609.047,608.2080000000001,608.503,607.7869999999999,608.5790000000001,607.9490000000001,607.97,606.878,608.288,607.654,608.182,606.769,609.39,607.5740000000001,607.865,607.798
535.75,2143.0,607.781,606.974,608.501,608.019,607.768,608.486,607.701,607.428,607.356,608.298,607.6619999999999,607.764,609.756,607.304,,608.2230000000001,608.195,607.469,608.663,607.606,608.758,607.582,607.198,608.0419999999999,607.645,608.073,608.664,609.746,609.727,608.269,607.786,607.672,609.302,607.658,608.4680000000001,608.069,607.799,608.629,608.002,607.311,608.799,607.928,608.771,607.65,608.804,607.934,608.611,606.9630000000001
536.0,2144.0,607.764,607.89,608.785,607.491,607.763,608.465,607.966,608.4119999999999,607.548,608.487,608.317,608.49,609.012,608.052,,608.729,607.888,607.626,609.43,607.273,608.404,608.184,608.094,607.654,608.034,607.535,608.141,608.554,608.925,608.5459999999999,607.9540000000001,608.005,608.735,607.286,608.368,608.6990000000001,607.7819999999999,608.555,607.493,607.3530000000001,608.192,607.31,607.419,607.688,608.169,607.992,608.998,607.87
536.25,2145.0,607.951,607.8580000000001,608.682,608.369,607.576,608.86,607.982,607.737,607.681,608.125,608.106,607.865,608.852,607.547,,608.4159999999999,608.448,607.6030000000001,609.052,607.62,608.453,607.6569999999999,607.564,607.7819999999999,607.5930000000001,608.2040000000001,608.614,608.8,608.539,608.0930000000001,607.758,608.102,608.475,607.818,608.193,607.746,608.5419999999999,608.982,608.007,606.1080000000001,608.316,608.308,607.725,607.66,608.692,608.087,608.229,608.4209999999999
536.5,2146.0,607.453,607.288,608.955,608.186,607.906,608.408,607.258,607.457,608.293,608.335,608.492,607.623,609.669,607.68,,608.373,608.363,607.276,608.444,607.0269999999999,607.739,607.497,608.31,608.1080000000001,607.489,607.775,607.933,608.106,608.712,608.859,608.3969999999999,607.942,608.9159999999999,607.746,608.393,608.67,608.342,608.357,609.67,607.4630000000001,607.918,607.886,607.621,607.506,608.332,608.211,608.118,607.841
536.75,2147.0,607.523,607.47,608.5169999999999,607.903,608.036,609.1709999999999,607.759,607.919,607.351,608.413,607.2669999999999,607.146,608.867,607.741,,608.711,608.214,607.553,608.587,607.255,608.045,608.071,607.923,608.133,607.66,607.538,608.399,608.433,609.357,608.4069999999999,607.504,608.165,608.494,606.967,608.356,607.773,607.19,608.3380000000001,607.93,607.501,608.268,608.01,607.554,607.206,608.571,607.854,607.9169999999999,607.774
537.0,2148.0,607.8969999999999,607.437,609.116,608.425,607.887,609.145,607.19,608.006,607.002,608.116,607.479,607.97,609.124,608.059,,608.596,608.751,607.661,608.115,607.568,608.234,607.03,607.232,607.738,607.7919999999999,607.515,608.246,608.217,608.592,608.275,606.883,607.856,608.4069999999999,607.1469999999999,608.068,608.095,607.245,608.109,607.536,607.007,607.7230000000001,608.538,607.975,607.656,608.381,608.106,608.331,606.946
537.25,2149.0,608.947,607.56,608.196,607.5830000000001,608.262,608.9730000000001,607.6759999999999,607.505,607.606,608.225,607.234,608.297,609.398,607.884,,608.492,607.639,607.1080000000001,607.92,607.547,607.864,608.3430000000001,606.724,607.388,607.821,607.341,608.1469999999999,608.83,608.641,608.019,607.6,607.786,608.776,607.33,608.469,608.384,608.394,608.372,607.36,606.9019999999999,608.1990000000001,608.065,607.364,606.794,609.066,607.403,607.831,608.1619999999999
537.5,2150.0,608.511,607.531,609.2280000000001,607.525,607.794,608.6990000000001,607.778,608.1569999999999,607.165,608.385,608.156,607.649,609.322,607.242,,608.686,608.215,607.819,608.58,606.9630000000001,608.494,607.499,607.788,607.724,608.561,607.211,607.638,607.641,608.138,607.941,607.393,608.106,608.819,607.506,608.067,608.4069999999999,608.1759999999999,609.071,607.534,607.427,607.952,608.067,607.651,607.817,607.935,607.622,608.077,607.809
537.75,2151.0,607.373,607.928,609.057,607.639,608.512,608.631,607.477,607.877,608.005,608.0509999999999,607.929,608.031,608.891,607.309,,608.771,608.357,607.432,608.552,607.1569999999999,608.133,607.404,607.419,607.9680000000001,607.819,607.865,608.835,608.789,608.4,608.198,608.036,608.649,608.98,607.96,608.398,607.743,607.738,608.737,607.585,607.409,608.594,607.981,607.761,607.345,609.211,607.1659999999999,607.7719999999999,608.4580000000001
538.0,2152.0,608.298,607.974,608.864,607.9119999999999,608.3580000000001,608.558,607.096,607.187,607.146,608.269,607.864,608.018,608.816,607.592,,608.38,608.294,608.164,608.281,607.753,607.821,607.817,607.61,607.247,608.2040000000001,607.6419999999999,608.4540000000001,607.859,608.561,607.878,606.923,608.106,608.438,606.86,608.585,607.741,607.719,609.344,608.107,606.569,607.778,608.318,607.4730000000001,607.5369999999999,608.831,607.246,608.5369999999999,607.298
538.25,2153.0,608.0319999999999,607.749,608.695,607.768,608.054,608.289,607.606,607.729,607.065,608.45,607.591,607.937,609.119,607.501,,608.495,608.168,607.5419999999999,608.639,608.112,608.13,607.846,608.023,607.698,607.711,607.003,608.192,609.054,608.288,608.7919999999999,607.696,607.5269999999999,608.615,607.793,608.388,608.808,607.558,607.7819999999999,607.049,607.908,607.505,608.274,607.7130000000001,607.491,609.322,607.34,607.895,607.898
538.5,2154.0,608.148,607.731,608.067,608.08,607.976,608.07,606.823,607.97,607.132,608.535,607.3380000000001,608.244,609.058,607.781,,608.803,607.999,607.303,608.994,607.05,607.8919999999999,607.422,607.645,607.308,608.235,608.225,608.279,608.314,607.84,608.63,607.765,607.943,609.323,607.9580000000001,608.6990000000001,608.576,608.0509999999999,608.87,607.119,607.467,608.134,607.302,607.891,607.265,608.5830000000001,607.35,607.984,608.149
538.75,2155.0,607.4259999999999,607.808,608.526,607.4780000000001,608.502,608.404,606.646,607.371,606.955,608.03,608.1669999999999,607.85,609.214,607.795,,608.0980000000001,608.415,607.529,608.636,607.616,608.328,607.465,606.8,608.01,607.778,607.863,608.815,608.4490000000001,608.757,608.351,608.544,608.439,608.122,608.001,608.072,607.928,607.445,608.436,607.854,606.697,608.025,608.1669999999999,607.285,607.464,608.939,607.481,607.589,607.367
539.0,2156.0,607.5740000000001,607.383,608.53,607.197,608.332,608.39,607.299,607.741,607.423,608.253,607.979,607.812,609.5459999999999,608.029,,608.393,608.138,607.391,608.811,607.73,608.024,607.485,607.655,607.775,607.696,607.802,608.57,607.854,608.26,608.144,607.37,608.476,608.42,608.025,608.82,607.96,608.121,609.205,607.751,606.682,608.18,608.276,607.9259999999999,607.326,608.259,607.395,608.658,607.909
539.25,2157.0,608.437,607.769,608.8,608.081,608.3430000000001,608.864,607.877,608.477,607.908,608.048,607.573,607.44,610.034,607.476,,608.855,608.395,608.025,608.495,608.557,608.638,607.432,607.931,607.215,607.502,607.026,608.816,607.712,607.903,608.241,607.4169999999999,608.021,608.313,607.22,608.155,608.138,607.744,608.377,607.486,607.695,608.629,608.734,607.886,606.552,608.306,607.509,607.722,607.9
539.5,2158.0,608.055,607.443,609.089,607.867,608.2040000000001,608.887,607.145,608.0419999999999,607.231,607.644,607.883,608.039,610.068,607.499,,608.111,608.3340000000001,607.827,608.987,607.815,608.004,607.8330000000001,608.118,608.2090000000001,607.238,607.675,609.314,609.2180000000001,608.018,608.363,607.302,608.455,608.263,607.273,607.909,607.489,607.288,608.779,607.29,606.98,608.27,608.06,608.271,607.071,608.809,607.797,607.7959999999999,607.539
539.75,2159.0,607.485,607.649,609.232,607.753,608.252,608.4680000000001,607.7,608.035,607.072,608.73,607.52,608.439,609.941,607.769,,608.899,608.71,607.51,608.405,607.839,608.141,607.745,607.453,607.512,606.93,607.155,608.87,608.691,608.797,608.121,607.691,607.793,608.808,607.746,608.078,607.882,607.94,608.337,607.905,607.48,608.273,607.802,607.6519999999999,607.061,608.5930000000001,607.25,608.029,607.605
540.0,2160.0,608.2819999999999,607.321,608.779,607.98,607.797,609.034,606.929,608.411,607.451,607.641,608.263,608.315,609.619,607.026,,608.3240000000001,608.381,606.445,608.672,607.668,608.455,607.158,608.475,607.424,608.375,607.313,608.66,608.376,608.05,607.731,607.721,608.494,608.3480000000001,607.143,608.0169999999999,608.481,607.864,608.731,608.222,608.023,608.05,607.86,607.87,607.386,608.7819999999999,607.686,608.028,607.89
540.25,2161.0,608.047,608.081,608.547,607.73,608.043,608.731,607.506,607.7669999999999,607.29,607.8,607.869,607.965,609.771,607.827,,608.9630000000001,608.747,607.8969999999999,608.474,607.614,608.312,607.793,607.645,608.66,607.631,606.6619999999999,608.673,608.634,608.101,608.0840000000001,606.937,608.1669999999999,608.646,606.8290000000001,608.0840000000001,608.435,607.957,608.399,607.595,607.97,608.288,607.8290000000001,608.493,607.828,609.247,607.624,608.019,607.991
540.5,2162.0,608.002,607.408,608.586,608.274,607.9169999999999,608.058,607.553,608.1080000000001,606.746,608.15,607.913,607.288,609.315,607.545,,607.944,608.8330000000001,607.693,608.623,607.961,608.14,607.628,608.474,607.8240000000001,607.9540000000001,608.033,609.326,608.222,609.138,607.945,607.884,608.058,608.746,606.988,608.025,607.637,607.996,608.419,607.297,608.076,608.352,608.4780000000001,607.797,607.297,607.992,607.34,608.561,607.929
540.75,2163.0,607.87,607.665,608.681,607.9630000000001,607.716,608.085,606.857,607.86,606.811,608.316,607.783,607.563,609.661,607.374,,608.49,608.545,606.8330000000001,608.97,607.775,607.729,607.7909999999999,608.212,608.029,607.871,608.025,609.01,608.309,608.7080000000001,608.714,607.814,607.5459999999999,608.365,607.2669999999999,608.576,607.778,607.84,608.363,607.031,607.89,607.953,608.1569999999999,607.46,607.5319999999999,609.28,607.534,608.151,607.894
541.0,2164.0,608.4490000000001,607.0830000000001,608.494,607.451,608.2230000000001,608.317,607.492,608.146,606.893,607.822,607.737,607.966,610.154,607.722,,608.9159999999999,607.964,607.624,609.0369999999999,607.837,608.369,607.6469999999999,608.617,607.731,608.427,607.396,608.415,608.879,609.085,608.391,607.8009999999999,607.927,608.066,607.6659999999999,608.549,608.0930000000001,608.16,608.523,607.189,607.59,608.575,607.994,608.202,607.375,609.226,607.451,608.715,608.265
541.25,2165.0,607.55,607.178,608.826,607.779,608.085,608.023,607.1669999999999,608.893,607.359,607.6659999999999,607.619,608.05,609.141,607.2769999999999,,608.492,608.627,607.492,609.153,607.466,608.363,607.9069999999999,607.893,607.552,608.557,607.8919999999999,608.222,608.367,608.664,608.186,607.632,607.4590000000001,608.779,607.214,608.394,607.641,607.498,608.585,607.638,608.784,608.624,608.437,608.114,607.3580000000001,608.628,607.304,608.1990000000001,608.443
541.5,2166.0,608.261,606.673,608.724,607.918,608.3969999999999,608.97,607.863,608.265,607.047,608.3969999999999,607.857,608.0790000000001,609.2769999999999,607.604,,608.269,608.411,607.799,607.947,607.565,607.395,607.384,608.007,608.362,607.841,607.326,609.27,608.523,608.638,608.401,607.5980000000001,608.25,607.94,607.835,608.424,608.1569999999999,607.826,608.595,607.429,607.5269999999999,607.7959999999999,607.816,607.3290000000001,607.369,608.58,607.5980000000001,608.064,608.3380000000001
541.75,2167.0,608.685,607.34,608.8969999999999,607.956,608.485,608.326,607.019,609.059,607.628,607.601,607.845,608.734,610.019,607.595,,608.502,608.687,608.256,608.703,608.545,607.139,607.96,607.665,607.638,607.6519999999999,606.866,609.174,607.71,608.641,608.423,607.5930000000001,608.51,608.359,607.2040000000001,609.002,607.64,608.295,608.432,607.596,608.465,608.876,607.756,607.805,607.674,609.3919999999999,607.673,609.0830000000001,607.9580000000001
542.0,2168.0,607.994,607.078,609.535,607.96,608.283,607.971,607.515,608.961,607.49,609.016,608.309,607.514,609.5740000000001,607.818,,608.78,608.615,607.8009999999999,608.913,608.092,607.628,607.0790000000001,607.7080000000001,608.401,607.6569999999999,607.992,608.686,609.254,607.721,608.784,607.4540000000001,607.915,608.529,607.543,608.939,608.255,607.592,608.471,607.6569999999999,608.281,607.9119999999999,608.455,607.4680000000001,607.474,608.3530000000001,608.194,608.58,608.587
542.25,2169.0,607.0740000000001,607.469,608.67,607.87,607.682,608.747,607.2330000000001,608.399,607.373,607.235,608.09,607.262,609.45,607.521,,608.335,608.808,607.84,609.039,608.281,608.062,607.711,607.425,607.536,607.46,607.7869999999999,608.8290000000001,608.786,608.224,608.0169999999999,607.109,607.649,607.882,607.915,608.2869999999999,607.575,607.88,608.043,607.087,608.21,608.565,608.379,608.259,607.835,608.636,607.246,608.089,607.602
542.5,2170.0,608.186,607.419,608.841,607.761,608.501,608.065,607.256,608.685,607.18,607.294,607.355,607.945,608.918,607.655,,608.122,608.121,607.61,608.977,608.505,607.862,607.482,607.609,607.8580000000001,607.4119999999999,607.6080000000001,607.966,609.221,608.1419999999999,607.748,607.54,608.105,609.01,607.655,608.132,608.214,607.2819999999999,608.592,606.955,608.7669999999999,607.524,607.32,608.118,607.6669999999999,609.195,608.04,607.928,607.887
542.75,2171.0,607.886,607.242,608.227,607.876,608.447,607.498,607.428,608.488,607.205,608.613,607.928,606.988,608.924,607.506,,609.35,608.122,608.586,608.484,608.102,608.225,608.004,607.684,608.465,607.693,607.332,609.253,608.184,608.933,608.351,608.099,607.1759999999999,609.5169999999999,607.9259999999999,607.64,608.681,607.9490000000001,607.906,607.56,608.639,607.8430000000001,608.313,608.099,607.564,609.623,607.505,609.105,608.069
543.0,2172.0,607.616,607.7919999999999,609.251,607.872,608.424,607.13,607.901,608.169,607.367,607.77,607.394,608.071,609.112,607.095,,608.5880000000001,608.4730000000001,607.467,608.275,608.298,608.631,607.241,608.076,608.53,607.839,608.503,608.128,608.05,608.556,609.024,608.2869999999999,607.885,608.634,607.189,608.436,607.536,608.1990000000001,608.315,607.026,608.628,608.123,607.9580000000001,607.634,607.377,608.539,607.5980000000001,608.403,608.207
543.25,2173.0,608.203,607.24,608.314,607.187,608.804,608.183,607.07,608.226,607.206,608.009,607.877,607.703,608.794,607.299,,607.784,608.688,607.24,608.198,608.423,607.9019999999999,608.141,607.632,608.0840000000001,608.164,607.37,609.184,608.7230000000001,608.052,608.064,607.898,607.639,607.98,607.177,607.703,607.444,607.982,607.901,607.643,608.64,608.225,607.857,607.951,607.558,609.054,607.281,607.944,608.2819999999999
543.5,2174.0,607.885,607.682,608.044,607.751,608.477,608.106,606.854,608.215,607.127,607.946,607.991,607.492,608.391,607.794,,608.7080000000001,608.45,607.764,608.344,608.655,608.0830000000001,607.549,607.161,607.774,607.43,607.806,607.9780000000001,608.619,608.679,608.677,607.9159999999999,608.571,608.372,607.295,607.747,608.3430000000001,608.138,608.1569999999999,606.589,608.66,608.7769999999999,607.941,607.05,607.639,608.441,607.639,608.225,607.497
543.75,2175.0,607.798,607.607,608.47,606.922,607.961,607.939,607.735,608.823,607.649,608.016,607.961,607.6419999999999,608.974,608.4069999999999,,608.533,608.804,608.165,608.35,608.123,608.264,608.121,608.096,608.312,608.239,607.756,608.168,608.21,608.73,608.513,608.29,607.684,608.62,607.378,608.633,608.656,607.793,608.35,607.356,608.998,608.803,607.832,607.942,608.135,608.2090000000001,607.2080000000001,608.606,608.119
544.0,2176.0,606.899,607.904,607.924,608.1469999999999,608.259,608.42,607.7040000000001,608.062,607.644,607.903,607.952,608.111,608.762,607.67,,608.251,609.132,607.808,607.9169999999999,607.9169999999999,608.748,607.66,607.9630000000001,607.443,608.434,607.622,608.664,607.913,608.58,607.918,607.951,607.691,607.94,607.543,608.424,608.429,607.712,607.76,606.318,608.095,608.231,608.1569999999999,607.435,607.4209999999999,608.803,607.815,607.762,608.019
544.25,2177.0,607.668,607.106,607.625,607.339,608.04,608.058,607.262,608.1659999999999,607.5269999999999,607.996,607.751,608.369,609.899,607.503,,608.256,608.9,607.986,608.621,608.511,608.102,607.138,608.039,607.613,608.119,608.005,608.695,608.336,608.293,608.327,608.476,608.145,607.9209999999999,607.71,608.811,608.2230000000001,607.599,608.842,607.586,608.969,608.077,607.884,607.596,608.021,609.435,607.974,607.703,608.356
544.5,2178.0,607.862,607.69,608.033,607.5930000000001,608.04,607.775,607.507,608.429,607.523,607.549,607.864,608.32,608.101,608.003,,608.127,609.331,607.607,608.212,608.768,607.727,607.207,607.991,608.271,607.635,608.511,608.117,608.008,608.295,607.852,608.1569999999999,608.126,608.581,607.624,608.4159999999999,607.9069999999999,607.774,607.339,607.475,609.4590000000001,609.1669999999999,608.1759999999999,607.455,607.981,608.499,608.164,608.16,607.923
544.75,2179.0,607.254,607.326,607.58,607.997,608.489,608.636,607.244,608.544,606.914,607.7280000000001,608.023,607.7180000000001,609.214,607.856,,608.226,608.337,608.206,608.19,607.727,608.5,607.769,607.857,608.066,607.8580000000001,607.294,608.225,608.996,608.29,609.082,607.72,607.5,608.161,607.322,608.1759999999999,608.819,607.854,607.609,608.0980000000001,608.437,608.98,608.6569999999999,608.216,607.809,608.889,608.141,608.3480000000001,608.456
545.0,2180.0,607.377,607.4119999999999,608.756,607.234,608.5790000000001,608.1569999999999,607.776,608.664,607.878,607.76,608.3430000000001,607.572,608.701,607.2669999999999,,608.346,608.501,608.2909999999999,608.335,607.582,608.7040000000001,608.185,608.169,608.253,607.752,607.607,608.817,608.265,608.107,608.448,608.309,607.31,608.4019999999999,607.0,608.331,607.679,608.5790000000001,607.206,607.651,608.503,608.3530000000001,607.648,607.609,607.868,608.332,607.727,608.4580000000001,607.582
545.25,2181.0,607.303,607.628,608.425,608.211,608.808,608.173,607.726,608.807,608.248,607.818,607.789,607.469,608.573,608.044,,608.3969999999999,608.47,607.6469999999999,608.4780000000001,607.66,607.6569999999999,607.631,607.812,607.774,607.064,608.464,608.5269999999999,609.2230000000001,608.766,608.9730000000001,608.1080000000001,607.525,608.023,607.739,608.7230000000001,607.503,607.635,608.17,607.967,609.105,608.138,608.179,607.132,607.842,608.759,607.819,608.097,608.19
545.5,2182.0,607.264,607.363,608.029,607.119,609.02,609.149,607.633,608.0790000000001,606.9159999999999,607.687,607.9680000000001,607.344,608.405,607.1,,607.96,609.038,607.817,607.865,608.476,607.765,607.496,607.12,608.02,608.23,608.315,608.297,608.694,608.104,607.415,608.006,607.928,608.46,608.024,609.009,607.895,607.104,607.768,608.423,608.851,608.9540000000001,609.158,608.216,607.908,608.337,608.023,608.422,607.889
545.75,2183.0,607.261,607.2719999999999,608.2769999999999,607.768,608.4540000000001,608.842,607.888,608.298,607.471,607.226,607.826,607.797,608.637,607.878,,607.832,609.28,607.24,608.77,609.058,607.697,607.601,607.91,608.502,607.543,607.5219999999999,608.529,608.688,608.145,607.862,607.438,608.242,608.538,608.342,607.762,607.742,608.0369999999999,607.56,607.453,608.64,607.939,608.072,607.729,607.4490000000001,608.419,608.1669999999999,608.237,607.5319999999999
546.0,2184.0,608.2719999999999,606.587,607.618,607.172,608.751,608.515,607.352,608.03,606.755,607.793,607.8009999999999,607.326,608.9730000000001,607.616,,607.884,608.5419999999999,607.611,607.686,608.826,608.494,608.071,607.774,607.861,607.922,607.707,608.049,608.403,609.2080000000001,609.195,608.063,607.494,607.342,608.1569999999999,608.582,607.745,607.7,607.252,607.5419999999999,608.991,608.328,607.726,608.391,607.62,608.247,607.577,608.185,607.832
546.25,2185.0,608.4540000000001,607.558,607.548,607.625,608.058,608.16,608.002,608.189,608.082,608.023,608.95,607.237,608.068,608.0369999999999,,607.658,608.769,607.898,607.861,608.71,607.837,607.828,607.711,608.052,607.41,607.883,609.457,608.54,608.9490000000001,609.05,608.069,607.605,608.1569999999999,607.637,607.673,607.807,608.107,608.0930000000001,607.5409999999999,608.295,607.771,608.212,607.46,607.235,607.9830000000001,608.323,608.279,607.8430000000001
546.5,2186.0,608.025,607.2180000000001,607.582,607.439,608.504,608.837,608.231,608.322,607.069,608.237,607.512,607.342,609.289,607.64,,607.9169999999999,609.346,608.007,607.624,607.7919999999999,608.013,608.381,607.888,608.394,607.1569999999999,607.9069999999999,608.118,608.933,609.0740000000001,608.395,608.18,607.51,608.08,607.828,608.932,607.601,608.064,607.534,607.5840000000001,608.298,608.9259999999999,607.985,608.2719999999999,607.335,608.754,608.047,608.536,608.102
546.75,2187.0,607.315,607.716,607.781,608.288,608.873,608.068,608.031,608.043,607.627,607.945,608.188,607.79,608.846,607.33,,608.408,608.096,608.175,607.661,608.423,607.789,607.756,608.514,607.502,607.089,607.312,608.519,608.806,609.064,608.0830000000001,607.749,607.555,607.14,607.878,607.752,607.886,608.215,607.922,606.757,608.055,608.59,608.86,607.815,608.519,608.487,607.757,608.549,607.5319999999999
547.0,2188.0,607.751,607.628,608.561,607.752,607.957,608.651,608.345,607.691,607.48,607.869,607.5369999999999,607.663,609.076,607.123,,607.856,608.506,607.764,608.613,607.651,608.009,608.073,607.327,607.724,607.566,607.26,608.861,608.538,609.003,608.375,608.131,607.814,608.002,607.773,608.207,607.342,608.4169999999999,608.227,607.366,608.236,608.605,608.111,608.344,607.526,609.001,608.1619999999999,607.815,608.095
547.25,2189.0,607.768,606.5980000000001,607.587,608.129,608.437,608.325,607.582,608.222,607.326,607.135,607.863,608.165,608.48,607.245,,607.415,608.572,607.876,608.341,607.9590000000001,607.591,607.842,608.168,607.485,607.776,607.312,608.561,608.262,609.124,607.9580000000001,607.712,607.4209999999999,607.5409999999999,607.606,608.8009999999999,607.732,607.6990000000001,607.867,607.576,608.352,607.828,608.3919999999999,608.236,607.466,608.3969999999999,608.077,607.804,607.7919999999999
547.5,2190.0,607.986,607.965,607.4680000000001,607.185,607.894,608.331,607.6519999999999,608.4780000000001,607.797,607.368,608.116,607.8430000000001,608.274,607.035,,608.825,608.586,608.411,607.964,607.4119999999999,608.496,607.9,607.827,607.5740000000001,607.538,607.798,608.342,608.654,608.669,607.747,607.887,607.2130000000001,608.17,607.752,608.0419999999999,607.41,608.249,608.031,607.485,608.342,608.437,608.793,607.472,607.308,608.404,607.722,607.661,608.248
547.75,2191.0,607.31,607.512,607.436,607.9780000000001,608.193,608.2230000000001,607.856,607.971,608.069,607.559,608.485,607.76,608.536,607.737,,608.168,608.85,607.5930000000001,608.362,607.535,607.518,608.035,607.5219999999999,608.556,607.43,607.75,608.9119999999999,609.5369999999999,609.289,609.203,608.0509999999999,607.785,607.977,608.1419999999999,608.063,607.7869999999999,608.415,607.862,607.484,608.337,608.861,609.374,607.7180000000001,607.465,608.276,607.997,608.273,608.131
548.0,2192.0,607.605,607.859,608.052,607.4830000000001,607.8530000000001,608.711,607.0319999999999,608.331,607.226,608.173,607.9580000000001,607.188,608.925,607.594,,606.985,608.694,608.597,608.165,608.138,608.511,607.434,608.2230000000001,608.2080000000001,608.259,607.544,608.274,608.03,609.337,608.561,608.151,607.44,608.0930000000001,607.5830000000001,608.507,607.685,608.391,608.4590000000001,607.7869999999999,607.092,608.138,608.235,607.877,606.98,608.4680000000001,608.322,607.812,607.081
548.25,2193.0,607.554,608.054,607.547,607.7230000000001,608.675,609.202,607.4680000000001,607.94,607.822,607.012,608.5509999999999,606.819,608.981,607.14,,607.73,608.828,607.835,608.4119999999999,607.942,608.305,608.029,607.675,607.452,607.948,607.172,607.7280000000001,608.481,609.134,608.692,607.724,607.7040000000001,607.7230000000001,608.1990000000001,607.925,607.754,608.609,608.307,607.694,608.2080000000001,609.132,607.884,607.989,607.644,608.875,608.198,609.533,608.035
548.5,2194.0,607.302,607.751,607.688,608.091,607.86,608.932,607.0880000000001,607.956,607.439,607.939,607.984,608.286,608.837,607.39,,607.797,608.575,607.4159999999999,608.122,607.98,608.22,608.283,607.46,608.078,608.097,607.786,609.365,608.734,608.686,609.118,607.934,608.0169999999999,607.742,608.193,608.418,607.619,608.0,607.44,607.993,607.75,608.966,608.638,608.011,607.847,607.885,608.649,608.7769999999999,609.883
548.75,2195.0,607.552,607.758,607.269,607.5830000000001,608.741,609.5219999999999,607.882,608.222,608.67,608.452,607.531,607.7330000000001,609.065,606.654,,607.23,608.764,607.827,607.906,608.278,608.7,608.066,608.882,607.57,607.73,607.5409999999999,608.5740000000001,608.4209999999999,609.101,609.144,607.764,606.891,608.216,608.202,608.377,608.036,608.346,608.015,607.2040000000001,608.072,608.299,608.641,607.6709999999999,606.957,608.576,607.76,608.945,607.994
549.0,2196.0,607.7280000000001,607.6669999999999,608.186,607.274,608.0319999999999,609.299,608.259,608.225,607.687,608.668,608.536,607.806,608.7919999999999,607.2180000000001,,608.592,608.115,608.0459999999999,607.855,607.844,608.529,607.869,607.811,608.179,608.029,608.061,609.626,609.275,608.582,608.887,607.589,608.047,607.0880000000001,608.092,608.297,607.967,607.9730000000001,608.094,607.888,607.4490000000001,608.7280000000001,608.566,607.576,607.316,608.154,608.173,608.707,607.586
549.25,2197.0,607.77,607.4730000000001,607.205,607.366,607.7040000000001,609.0459999999999,607.592,608.16,607.7130000000001,608.362,608.376,607.822,609.655,606.996,,607.404,608.281,608.0740000000001,608.493,607.559,607.99,607.682,607.788,608.2280000000001,608.168,607.139,609.31,609.868,608.39,609.227,607.9,607.735,608.156,608.085,607.999,607.9490000000001,607.682,608.534,607.368,608.363,608.118,608.337,607.8530000000001,607.95,607.976,607.395,608.82,607.498
549.5,2198.0,607.446,607.634,607.8580000000001,607.94,608.57,608.739,608.109,608.148,607.3380000000001,608.357,607.6619999999999,608.211,609.5930000000001,607.732,,607.557,608.669,608.038,607.887,607.861,607.516,607.331,608.011,607.939,607.82,607.475,609.121,607.99,609.479,608.496,607.893,607.336,608.276,608.047,608.672,607.222,607.8330000000001,607.706,608.339,608.533,608.371,608.293,608.185,607.721,608.1080000000001,607.997,608.325,608.452
549.75,2199.0,607.825,607.842,607.83,607.351,607.984,609.404,607.745,608.155,606.92,607.803,608.0790000000001,607.369,608.757,607.756,,607.72,608.669,608.51,607.967,607.941,607.798,607.586,608.013,607.683,607.612,607.5169999999999,607.748,608.821,608.847,608.668,608.335,607.4580000000001,608.012,607.3430000000001,608.39,607.922,607.624,608.023,607.059,607.505,607.962,608.3,607.6419999999999,607.384,608.15,607.827,608.471,608.249
550.0,2200.0,607.905,608.1669999999999,608.071,607.4490000000001,608.0509999999999,609.355,608.18,608.669,607.775,607.868,608.177,608.427,609.683,607.487,,607.9159999999999,608.577,608.214,608.112,608.71,608.191,607.099,607.298,607.624,608.316,607.229,609.396,608.406,609.061,609.7769999999999,608.4159999999999,607.822,607.394,607.43,608.143,607.762,607.664,607.986,606.764,607.4540000000001,608.364,608.859,607.707,608.262,608.381,607.572,608.03,607.3969999999999
550.25,2201.0,607.322,608.004,607.471,607.987,608.018,609.012,607.312,608.2040000000001,607.366,608.0269999999999,607.565,607.9209999999999,608.9780000000001,607.442,,607.19,609.308,608.298,608.339,607.38,607.495,607.809,608.18,607.754,608.1469999999999,607.15,608.362,608.456,608.881,608.592,608.029,607.257,607.4169999999999,608.102,608.915,608.02,607.523,608.26,608.09,607.825,608.304,609.082,608.3969999999999,607.014,608.573,608.0169999999999,608.828,607.795
550.5,2202.0,608.054,607.255,607.5419999999999,607.4119999999999,608.314,610.125,607.9169999999999,608.0930000000001,607.664,607.485,608.0840000000001,607.781,609.203,607.323,,607.146,607.993,608.375,608.695,608.19,607.7869999999999,607.602,607.859,607.245,608.492,607.352,608.591,608.456,607.788,608.309,607.886,607.365,607.871,607.9069999999999,609.1569999999999,608.025,607.943,607.935,607.476,607.445,608.562,608.56,607.971,607.629,608.5830000000001,607.659,608.636,608.396
